206.44	0.854229
198.62	0.854229
198.42	0.875424
198.21	0.889316
198.01	0.889477
197.60	0.889314
197.18	0.889477
196.77	0.889316
196.36	0.889483
195.95	0.889314
195.75	0.88948
195.33	0.889314
194.92	0.889477
194.51	0.889316
194.10	0.88948
193.69	0.889316
193.28	0.889483
192.87	0.889314
192.66	0.88948
192.25	0.889314
191.84	0.889483
191.43	0.889314
191.02	0.88948
190.60	0.889314
190.19	0.889477
189.78	0.889316
189.58	0.889477
189.17	0.889316
188.75	0.88948
188.34	0.889314
187.93	0.889483
187.52	0.889314
187.11	0.889483
186.70	0.889314
186.29	0.889477
185.88	0.889316
185.67	0.88948
185.26	0.889311
184.85	0.88948
184.44	0.889314
184.03	0.88948
183.61	0.889311
183.20	0.889478
183.00	0.889303
182.79	0.889394
182.38	0.889389
181.97	0.8893
181.56	0.889389
181.35	0.889303
181.15	0.8894
180.94	0.889298
180.53	0.889391
180.32	0.8893
179.91	0.889394
179.71	0.889298
179.30	0.889389
178.68	0.8893
178.27	0.889391
178.06	0.8893
177.65	0.889394
177.45	0.8893
177.24	0.889391
177.03	0.8893
176.62	0.889394
176.42	0.889298
176.01	0.889391
175.80	0.8893
175.39	0.889389
159.35	0.889359
159.15	0.888846
158.94	0.885602
158.53	0.885714
158.32	0.890074
157.91	0.890138
157.71	0.890501
157.50	0.889683
157.30	0.888577
157.09	0.888731
156.88	0.891273
156.68	0.891076
156.47	0.886764
156.27	0.886264
156.06	0.887322
155.86	0.889736
155.65	0.88883
155.45	0.88514
155.24	0.882821
155.03	0.88326
154.83	0.886159
154.62	0.887735
154.42	0.886368
154.21	0.88958
154.01	0.88905
153.80	0.889324
153.60	0.882117
153.39	0.880001
153.18	0.878428
152.98	0.879238
152.77	0.882026
152.57	0.886462
152.36	0.883234
152.16	0.881631
151.95	0.878945
151.74	0.879532
151.54	0.87577
151.33	0.87658
151.13	0.873558
150.92	0.873616
150.72	0.873232
150.51	0.875098
150.31	0.876738
150.10	0.876397
149.89	0.880446
149.69	0.880335
149.48	0.880687
149.28	0.875145
149.07	0.87545
148.87	0.874979
148.66	0.877568
148.45	0.878777
148.25	0.875936
148.04	0.8779
147.63	0.885999
147.43	0.886207
147.22	0.887486
147.02	0.886803
146.81	0.882048
146.60	0.876356
146.40	0.877179
145.99	0.882698
145.78	0.884176
145.58	0.88858
145.37	0.889815
145.17	0.889823
144.96	0.885953
144.75	0.883754
144.55	0.876066
144.34	0.870883
144.14	0.869372
143.93	0.869556
143.73	0.871927
143.52	0.875837
143.31	0.880148
143.11	0.882076
142.90	0.878995
142.70	0.875522
142.49	0.871581
142.29	0.86986
142.08	0.873006
141.88	0.873226
141.46	0.879159
141.26	0.88574
141.05	0.889743
140.85	0.889291
140.64	0.885054
140.44	0.884277
140.23	0.881619
140.02	0.875663
139.82	0.869663
139.61	0.869462
139.41	0.874592
139.20	0.877963
139.00	0.878767
138.79	0.882165
138.59	0.879333
138.38	0.878217
138.17	0.872894
137.97	0.872238
137.76	0.869541
137.56	0.871481
137.35	0.876637
137.15	0.883307
136.94	0.886452
136.74	0.884158
136.53	0.880341
136.32	0.876161
136.12	0.878143
135.91	0.883399
135.71	0.888398
135.50	0.885978
135.30	0.885907
135.09	0.880835
134.88	0.881578
134.68	0.87545
134.47	0.875079
134.27	0.876459
134.06	0.877351
133.86	0.877832
133.65	0.876327
133.45	0.872788
133.24	0.872998
133.03	0.870178
132.62	0.875309
132.42	0.878075
132.21	0.878836
132.01	0.877169
131.80	0.874211
131.60	0.873833
131.39	0.874573
131.18	0.876802
130.98	0.874792
130.77	0.875388
130.57	0.874676
130.36	0.87635
130.16	0.869286
129.95	0.868245
129.74	0.865312
129.54	0.867554
129.33	0.869003
129.13	0.867222
128.92	0.865028
128.72	0.864951
128.51	0.863659
128.31	0.866751
128.10	0.868104
127.89	0.870512
127.69	0.870298
127.48	0.873161
127.28	0.873593
127.07	0.874927
126.87	0.875222
126.66	0.872611
126.45	0.872014
126.25	0.872088
126.04	0.874975
125.84	0.877034
125.63	0.88066
125.43	0.88079
125.22	0.875966
125.02	0.87061
124.81	0.863129
124.60	0.863059
124.40	0.865429
124.19	0.863791
123.99	0.86155
123.78	0.85838
123.58	0.863144
123.37	0.866099
123.17	0.868286
122.96	0.868515
122.75	0.865106
122.55	0.865432
122.34	0.86235
122.14	0.861328
121.93	0.859558
121.73	0.862989
121.52	0.859823
121.31	0.858449
121.11	0.859395
120.90	0.863239
120.70	0.86649
120.49	0.869187
120.29	0.868083
120.08	0.864763
119.88	0.863574
119.67	0.862852
119.46	0.860108
119.26	0.85982
119.05	0.861299
118.85	0.863215
118.64	0.861298
118.44	0.863844
118.23	0.865436
118.02	0.863733
117.82	0.859423
117.61	0.85776
117.41	0.862757
117.20	0.86254
117.00	0.865937
116.79	0.866708
116.59	0.864221
116.17	0.861141
115.97	0.858704
115.76	0.85862
115.56	0.862636
115.35	0.865174
115.15	0.863134
114.94	0.863861
114.74	0.861237
114.53	0.862644
114.32	0.861739
114.12	0.858069
113.91	0.858061
113.71	0.863959
113.50	0.87028
113.30	0.873858
113.09	0.870754
112.88	0.873199
112.68	0.871948
112.47	0.870136
112.27	0.865738
112.06	0.862622
111.86	0.863651
111.65	0.863849
111.45	0.859735
111.24	0.855481
111.03	0.850739
110.83	0.851702
110.62	0.853419
110.42	0.853871
110.21	0.853635
110.01	0.849431
109.80	0.844017
109.59	0.842066
109.39	0.843977
109.18	0.853047
108.98	0.859664
108.77	0.867332
108.57	0.86885
108.36	0.867293
108.16	0.862253
107.95	0.861517
107.74	0.859575
107.54	0.859168
107.33	0.856459
107.13	0.856045
106.92	0.85683
106.72	0.860756
106.51	0.861915
106.31	0.865008
106.10	0.864586
105.89	0.861443
105.69	0.863023
105.48	0.860699
105.28	0.8624
105.07	0.86607
104.87	0.86486
104.66	0.867411
104.45	0.864654
104.25	0.865196
104.04	0.864936
103.84	0.862771
103.63	0.862684
103.43	0.86107
103.22	0.860152
103.02	0.861829
102.81	0.862305
102.60	0.86558
102.40	0.870073
102.19	0.873879
101.99	0.875939
101.78	0.872278
101.58	0.868273
101.37	0.863501
101.16	0.85923
100.96	0.857163
100.75	0.853676
100.55	0.856819
100.34	0.861382
100.14	0.86637
99.93	0.872043
99.73	0.870167
99.52	0.869856
99.31	0.868095
99.11	0.867069
98.90	0.86528
98.70	0.865385
98.49	0.86423
98.29	0.859236
98.08	0.857738
97.88	0.854674
97.67	0.85318
97.46	0.859178
97.26	0.862018
96.85	0.864565
96.64	0.862757
96.44	0.859646
96.23	0.862951
96.02	0.862922
95.82	0.866899
95.41	0.870328
95.20	0.875731
95.00	0.875255
94.79	0.879634
94.59	0.877056
94.38	0.871227
94.17	0.869864
93.97	0.863251
93.76	0.860207
93.56	0.859687
93.35	0.858654
93.15	0.858815
92.94	0.861766
92.73	0.861369
92.53	0.864395
92.32	0.865615
92.12	0.867079
91.91	0.869703
91.71	0.8691
91.50	0.869891
91.30	0.869592
91.09	0.867763
90.88	0.868007
90.68	0.867705
90.47	0.86585
90.27	0.866171
89.86	0.86302
89.65	0.863535
89.45	0.859208
89.24	0.856094
89.03	0.856028
88.83	0.856383
88.62	0.8577
88.42	0.861542
88.21	0.863195
88.01	0.863505
87.80	0.861882
87.59	0.862785
87.39	0.864415
87.18	0.867399
86.98	0.869415
86.77	0.87095
86.57	0.873596
86.36	0.873503
86.16	0.869375
85.95	0.865504
85.74	0.864177
85.54	0.863702
85.33	0.860529
85.13	0.862448
84.92	0.866319
84.72	0.868781
84.51	0.865474
84.30	0.866066
84.10	0.863912
83.69	0.858955
83.48	0.858675
83.28	0.861389
83.07	0.862685
82.87	0.863643
82.66	0.863765
82.45	0.864565
82.25	0.86453
82.04	0.86377
81.84	0.863217
81.63	0.862487
81.43	0.863671
81.22	0.863953
81.02	0.860749
80.81	0.863877
80.40	0.866271
80.19	0.868314
79.99	0.867882
79.78	0.869162
79.58	0.872061
79.37	0.871677
79.16	0.870342
78.96	0.871072
78.75	0.870224
78.55	0.869031
78.34	0.868236
78.14	0.86624
77.93	0.86515
77.73	0.865275
77.52	0.865632
77.31	0.865258
77.11	0.866867
76.90	0.866224
76.70	0.866543
76.49	0.867458
76.29	0.867853
76.08	0.86492
75.67	0.863585
75.46	0.862328
75.26	0.861683
75.05	0.862553
74.85	0.863704
74.64	0.864369
74.23	0.863354
74.02	0.866745
73.61	0.868964
73.41	0.867195
73.20	0.866732
72.79	0.865358
72.59	0.864855
72.17	0.865387
71.97	0.866895
71.76	0.865793
71.35	0.862265
71.15	0.860705
70.94	0.863074
70.73	0.864093
70.53	0.862056
70.32	0.861642
69.91	0.861695
69.71	0.859839
69.50	0.859689
69.30	0.85786
69.09	0.857629
68.88	0.858403
68.68	0.858737
68.27	0.858905
68.06	0.858196
67.86	0.855383
67.65	0.855328
67.24	0.854883
67.03	0.854452
66.83	0.853188
66.62	0.852853
66.42	0.852397
66.21	0.851834
63.54	0.847476
63.33	0.847143
61.07	0.843458
60.87	0.843118
60.66	0.842783
60.45	0.842453
60.25	0.842119
59.63	0.841109
59.22	0.840445
58.81	0.839771
58.40	0.839105
57.78	0.838095
57.58	0.837759
57.37	0.837426
56.96	0.836756
56.34	0.835752
55.93	0.835082
55.52	0.834413
55.11	0.833743
54.90	0.833403
54.49	0.832733
54.08	0.832067
53.67	0.831394
53.05	0.830393
52.64	0.82972
52.23	0.829054
51.82	0.828379
51.41	0.827711
51.20	0.827376
50.79	0.826705
50.38	0.826037
49.76	0.825031
49.56	0.824696
49.35	0.824363
49.15	0.824028
48.94	0.823691
48.32	0.822687
48.12	0.822352
47.91	0.822016
47.50	0.821342
47.30	0.821013
47.09	0.820678
46.88	0.820343
46.47	0.819668
46.27	0.819339
46.06	0.819004
45.44	0.817994
44.83	0.81699
44.62	0.81712
44.21	0.818486
44.01	0.819168
43.59	0.82053
43.39	0.821209
43.18	0.821896
42.98	0.822575
42.77	0.823259
42.16	0.825303
41.54	0.827348
41.33	0.828031
41.13	0.828714
40.92	0.829394
40.51	0.830754
40.10	0.83212
39.69	0.833483
39.28	0.83485
39.07	0.835529
38.45	0.837579
38.25	0.838257
38.04	0.838945
37.43	0.840986
37.22	0.841668
37.01	0.842352
36.40	0.844396
35.99	0.845762
35.16	0.848491
34.75	0.849853
34.14	0.851897
33.52	0.853943
33.31	0.854626
32.90	0.855988
32.29	0.858038
32.08	0.858716
31.87	0.8594
31.26	0.861445
31.05	0.862129
30.85	0.862811
30.44	0.864173
30.23	0.864852
30.02	0.865539
29.82	0.866218
29.20	0.868262
29.00	0.868946
28.79	0.86963
28.17	0.871674
27.97	0.872358
27.76	0.873037
27.56	0.87372
27.15	0.875087
26.94	0.875763
26.53	0.877126
26.12	0.878492
25.91	0.879176
25.30	0.88122
25.09	0.881904
24.88	0.882582
24.06	0.885311
23.86	0.885995
23.65	0.886677
23.44	0.887569
23.24	0.888543
22.83	0.890482
22.21	0.893396
22.01	0.894365
21.80	0.895335
21.18	0.898254
20.98	0.899223
20.77	0.900192
20.15	0.903109
19.95	0.904082
19.74	0.90505
19.33	0.906999
19.13	0.907968
18.92	0.90894
18.72	0.909909
18.51	0.910878
18.10	0.912826
17.89	0.913795
17.69	0.914767
17.28	0.916716
16.87	0.918653
16.66	0.919625
16.04	0.922543
15.84	0.923512
15.63	0.924473
15.22	0.926421
14.81	0.92837
14.60	0.929331
14.40	0.930311
13.99	0.932249
13.78	0.933228
13.58	0.934189
13.16	0.936138
12.75	0.938076
12.34	0.940017
12.14	0.940996
11.72	0.942934
11.52	0.943903
11.11	0.945844
10.90	0.946823
10.70	0.947792
10.29	0.949733
9.87	0.951678
9.67	0.952651
9.46	0.953619
9.05	0.95556
8.85	0.956537
8.64	0.957509
8.44	0.958478
8.23	0.958973
7.82	0.958973
7.61	0.958973
7.20	0.958973
6.79	0.958973
6.58	0.958973
6.38	0.958973
5.97	0.958973
5.76	0.958973
5.56	0.958973
5.35	0.958973
4.94	0.958973
4.53	0.958973
4.12	0.958973
3.91	0.958973
3.71	0.958973
3.50	0.958973
2.88	0.958973
2.68	0.958973
2.47	0.958973
2.27	0.958973
2.06	0.958973
1.86	0.958973
1.65	0.958973
1.44	0.958973
1.03	0.958973
