206.44	0.839697
198.62	0.839697
198.42	0.819847
198.21	0.807824
198.01	0.807689
197.60	0.807827
197.18	0.807689
196.77	0.807824
196.36	0.807685
195.95	0.807827
195.75	0.807687
195.33	0.807827
194.92	0.807689
194.51	0.807824
194.10	0.807687
193.69	0.807824
193.28	0.807685
192.87	0.807827
192.66	0.807687
192.25	0.807827
191.84	0.807685
191.43	0.807827
191.02	0.807687
190.60	0.807827
190.19	0.807689
189.78	0.807824
189.58	0.807689
189.17	0.807824
188.75	0.807687
188.34	0.807827
187.93	0.807685
187.52	0.807827
187.11	0.807685
186.70	0.807827
186.29	0.807689
185.88	0.807824
185.67	0.807687
185.26	0.807829
184.85	0.807687
184.44	0.807827
184.03	0.807687
183.61	0.807829
183.20	0.807689
183.00	0.807836
182.79	0.807759
182.38	0.807764
181.97	0.807838
181.56	0.807764
181.35	0.807836
181.15	0.807755
180.94	0.80784
180.53	0.807761
180.32	0.807838
179.91	0.807759
179.71	0.80784
179.30	0.807764
178.68	0.807838
178.27	0.807761
178.06	0.807838
177.65	0.807759
177.45	0.807838
177.24	0.807761
177.03	0.807838
176.62	0.807759
176.42	0.80784
176.01	0.807761
175.80	0.807838
175.39	0.807764
159.35	0.807788
159.15	0.808219
158.94	0.810967
158.53	0.810872
158.32	0.807189
157.91	0.807136
157.71	0.806832
157.50	0.807517
157.30	0.808446
157.09	0.808316
156.88	0.806189
156.68	0.806353
156.47	0.809979
156.27	0.810404
156.06	0.809506
155.86	0.807472
155.65	0.808233
155.45	0.811362
155.24	0.813354
155.03	0.812975
154.83	0.810492
154.62	0.809156
154.42	0.810315
154.21	0.807603
154.01	0.808048
153.80	0.807818
153.60	0.813963
153.39	0.815805
153.18	0.817185
152.98	0.816473
152.77	0.814042
152.57	0.810236
152.36	0.812998
152.16	0.814385
151.95	0.81673
151.74	0.816215
151.54	0.819538
151.33	0.818818
151.13	0.821519
150.92	0.821467
150.72	0.821812
150.51	0.820138
150.31	0.818678
150.10	0.818981
149.89	0.815416
149.69	0.815513
149.48	0.815206
149.28	0.820096
149.07	0.819824
148.87	0.820244
148.66	0.817943
148.45	0.816878
148.25	0.819391
148.04	0.81765
147.63	0.810629
147.43	0.810452
147.22	0.809367
147.02	0.809946
146.81	0.814023
146.60	0.819018
146.40	0.818288
145.99	0.813461
145.78	0.812187
145.58	0.808443
145.37	0.807406
145.17	0.8074
144.96	0.810668
144.75	0.81255
144.55	0.819276
144.34	0.823941
144.14	0.825321
143.93	0.825152
143.73	0.822992
143.52	0.819479
143.31	0.815676
143.11	0.813999
142.90	0.816686
142.70	0.819759
142.49	0.823306
142.29	0.824874
142.08	0.822016
141.88	0.821818
141.46	0.816542
141.26	0.81085
141.05	0.807467
140.85	0.807846
140.64	0.811436
140.44	0.812101
140.23	0.814395
140.02	0.819634
139.82	0.825054
139.61	0.825238
139.41	0.820591
139.20	0.817594
139.00	0.816887
138.79	0.813922
138.59	0.816389
138.38	0.817371
138.17	0.822117
137.97	0.822711
137.76	0.825166
137.56	0.823396
137.35	0.818767
137.15	0.812935
136.94	0.810244
136.74	0.812203
136.53	0.815508
136.32	0.81919
136.12	0.817436
135.91	0.812856
135.71	0.808597
135.50	0.810647
135.30	0.810707
135.09	0.815077
134.88	0.814431
134.68	0.819824
134.47	0.820155
134.27	0.818926
134.06	0.818135
133.86	0.81771
133.65	0.819043
133.45	0.822213
133.24	0.822023
133.03	0.824583
132.62	0.81995
132.42	0.817496
132.21	0.816825
132.01	0.818296
131.80	0.820932
131.60	0.821272
131.39	0.820608
131.18	0.818621
130.98	0.820412
130.77	0.819879
130.57	0.820516
130.36	0.819023
130.16	0.8254
129.95	0.826357
129.74	0.829078
129.54	0.826995
129.33	0.825659
129.13	0.827302
128.92	0.829343
128.72	0.829415
128.51	0.830627
128.31	0.827738
128.10	0.826487
127.89	0.824279
127.69	0.824473
127.48	0.821877
127.28	0.821487
127.07	0.820291
126.87	0.820027
126.66	0.822373
126.45	0.822913
126.25	0.822846
126.04	0.820248
125.84	0.818416
125.63	0.815229
125.43	0.815116
125.22	0.819364
125.02	0.824189
124.81	0.831126
124.60	0.831193
124.40	0.828968
124.19	0.830503
123.99	0.832622
123.78	0.835655
123.58	0.831112
123.37	0.828344
123.17	0.826319
122.96	0.826108
122.75	0.82927
122.55	0.828966
122.34	0.831862
122.14	0.832832
121.93	0.834523
121.73	0.831258
121.52	0.834269
121.31	0.835589
121.11	0.834679
120.90	0.831023
120.70	0.827981
120.49	0.825491
120.29	0.826506
120.08	0.829591
119.88	0.830707
119.67	0.831388
119.46	0.833996
119.26	0.834271
119.05	0.83286
118.85	0.831045
118.64	0.832861
118.44	0.830453
118.23	0.828962
118.02	0.830558
117.82	0.834653
117.61	0.836254
117.41	0.831478
117.20	0.831683
117.00	0.828495
116.79	0.827778
116.59	0.830099
116.17	0.833011
115.97	0.835343
115.76	0.835424
115.56	0.831592
115.35	0.829207
115.15	0.831122
114.94	0.830437
114.74	0.832919
114.53	0.831585
114.32	0.832442
114.12	0.835956
113.91	0.835963
113.71	0.830345
113.50	0.82449
113.30	0.821249
113.09	0.824058
112.88	0.821842
112.68	0.822973
112.47	0.824622
112.27	0.82868
112.06	0.831606
111.86	0.830635
111.65	0.830448
111.45	0.834354
111.24	0.838469
111.03	0.843155
110.83	0.842195
110.62	0.840494
110.42	0.840048
110.21	0.840281
110.01	0.844466
109.80	0.849981
109.59	0.852003
109.39	0.850022
109.18	0.840862
108.98	0.834421
108.77	0.8272
108.57	0.8258
108.36	0.827236
108.16	0.831954
107.95	0.832652
107.74	0.834506
107.54	0.834897
107.33	0.837516
107.13	0.837919
106.92	0.837155
106.72	0.833377
106.51	0.832275
106.31	0.829362
106.10	0.829757
105.89	0.832723
105.69	0.831227
105.48	0.833432
105.28	0.831815
105.07	0.828371
104.87	0.829501
104.66	0.827127
104.45	0.829693
104.25	0.829186
104.04	0.829429
103.84	0.831465
103.63	0.831546
103.43	0.833078
103.22	0.833954
103.02	0.832356
102.81	0.831905
102.60	0.828828
102.40	0.824679
102.19	0.82123
101.99	0.819388
101.78	0.822674
101.58	0.826331
101.37	0.830776
101.16	0.834838
100.96	0.836832
100.75	0.84024
100.55	0.837166
100.34	0.832781
100.14	0.828092
99.93	0.822887
99.73	0.824593
99.52	0.824877
99.31	0.826495
99.11	0.827443
98.90	0.829107
98.70	0.829009
98.49	0.830091
98.29	0.834832
98.08	0.836275
97.88	0.839259
97.67	0.84073
97.46	0.834887
97.26	0.832178
96.85	0.829776
96.64	0.831478
96.44	0.834438
96.23	0.831294
96.02	0.831321
95.82	0.827601
95.41	0.824446
95.20	0.819574
95.00	0.819998
94.79	0.816126
94.59	0.818396
94.38	0.823628
94.17	0.82487
93.97	0.831012
93.76	0.833901
93.56	0.834399
93.35	0.835392
93.15	0.835237
92.94	0.832416
92.73	0.832793
92.53	0.829935
92.32	0.828795
92.12	0.827434
91.91	0.825018
91.71	0.82557
91.50	0.824845
91.30	0.825119
91.09	0.826801
90.88	0.826576
90.68	0.826855
90.47	0.828576
90.27	0.828277
89.86	0.831229
89.65	0.830743
89.45	0.834859
89.24	0.837871
89.03	0.837935
88.83	0.837589
88.62	0.836312
88.42	0.832629
88.21	0.831065
88.01	0.830772
87.80	0.832306
87.59	0.831452
87.39	0.829917
87.18	0.827138
86.98	0.825281
86.77	0.823879
86.57	0.821485
86.36	0.821568
86.16	0.825318
85.95	0.828898
85.74	0.83014
85.54	0.830586
85.33	0.833594
85.13	0.83177
84.92	0.828139
84.72	0.825863
84.51	0.828926
84.30	0.828375
84.10	0.830389
83.69	0.835102
83.48	0.835371
83.28	0.832775
83.07	0.831546
82.87	0.830642
82.66	0.830527
82.45	0.829776
82.25	0.829809
82.04	0.830522
81.84	0.831044
81.63	0.831733
81.43	0.830616
81.22	0.830351
81.02	0.833384
80.81	0.830422
80.40	0.828184
80.19	0.826293
79.99	0.826692
79.78	0.825514
79.58	0.82287
79.37	0.823219
79.16	0.824433
78.96	0.823768
78.75	0.824542
78.55	0.825633
78.34	0.826365
78.14	0.828213
77.93	0.829229
77.73	0.829112
77.52	0.828779
77.31	0.829128
77.11	0.827631
76.90	0.828227
76.70	0.827931
76.49	0.827083
76.29	0.826719
76.08	0.829444
75.67	0.830697
75.46	0.831884
75.26	0.832495
75.05	0.831671
74.85	0.830585
74.64	0.82996
74.23	0.830914
74.02	0.827744
73.61	0.825695
73.41	0.827326
73.20	0.827756
72.79	0.829035
72.59	0.829505
72.17	0.829008
71.97	0.827605
71.76	0.828629
71.35	0.831943
71.15	0.833426
70.94	0.831178
70.73	0.830219
70.53	0.832141
70.32	0.832534
69.91	0.832484
69.71	0.834253
69.50	0.834398
69.30	0.836158
69.09	0.83638
68.88	0.835633
68.68	0.835312
68.27	0.83515
68.06	0.835832
67.86	0.838565
67.65	0.838514
67.24	0.837762
67.03	0.837578
66.83	0.83822
66.62	0.837942
66.42	0.837802
66.21	0.837754
63.54	0.834243
63.33	0.833964
61.07	0.830995
60.87	0.830717
60.66	0.830453
60.45	0.830189
60.25	0.829911
59.63	0.829097
59.22	0.828562
58.81	0.828019
58.40	0.827484
57.78	0.826663
57.58	0.826407
57.37	0.826128
56.96	0.825586
56.34	0.824772
55.93	0.82423
55.52	0.823694
55.11	0.823152
54.90	0.822881
54.49	0.822338
54.08	0.821803
53.67	0.821261
53.05	0.820447
52.64	0.819905
52.23	0.81937
51.82	0.818827
51.41	0.818292
51.20	0.818013
50.79	0.817471
50.38	0.816936
49.76	0.816115
49.56	0.815858
49.35	0.81558
49.15	0.815316
48.94	0.815037
48.32	0.814238
48.12	0.81396
47.91	0.813689
47.50	0.813146
47.30	0.812882
47.09	0.812604
46.88	0.812333
46.47	0.811805
46.27	0.811526
46.06	0.811255
45.44	0.810449
44.83	0.809635
44.62	0.809972
44.21	0.812127
44.01	0.813197
43.59	0.815338
43.39	0.816408
43.18	0.817478
42.98	0.818549
42.77	0.819619
42.16	0.822829
41.54	0.826025
41.33	0.82711
41.13	0.828181
40.92	0.829251
40.51	0.831377
40.10	0.833517
39.69	0.835658
39.28	0.837798
39.07	0.838883
38.45	0.842094
38.25	0.843164
38.04	0.844219
37.43	0.847445
37.22	0.8485
37.01	0.849585
36.40	0.852781
35.99	0.854936
35.16	0.859203
34.75	0.861343
34.14	0.864554
33.52	0.867779
33.31	0.868835
32.90	0.87099
32.29	0.874186
32.08	0.875271
31.87	0.876341
31.26	0.879544
31.05	0.880615
30.85	0.881685
30.44	0.883825
30.23	0.884895
30.02	0.885966
29.82	0.887036
29.20	0.890247
29.00	0.891317
28.79	0.892387
28.17	0.895598
27.97	0.896668
27.76	0.897738
27.56	0.898808
27.15	0.900949
26.94	0.902019
26.53	0.90416
26.12	0.9063
25.91	0.90737
25.30	0.910581
25.09	0.911651
24.88	0.912721
24.06	0.917002
23.86	0.918072
23.65	0.919143
23.44	0.920088
23.24	0.920968
22.83	0.922735
22.21	0.925388
22.01	0.926275
21.80	0.927169
21.18	0.929808
20.98	0.930695
20.77	0.93159
20.15	0.934243
19.95	0.935123
19.74	0.93601
19.33	0.937776
19.13	0.938663
18.92	0.939558
18.72	0.94043
18.51	0.941324
18.10	0.943084
17.89	0.943971
17.69	0.944865
17.28	0.946631
16.87	0.948398
16.66	0.949285
16.04	0.951931
15.84	0.952818
15.63	0.953705
15.22	0.955494
14.81	0.957253
14.60	0.958133
14.40	0.959012
13.99	0.960801
13.78	0.961666
13.58	0.962546
13.16	0.964334
12.75	0.966108
12.34	0.967867
12.14	0.968747
11.72	0.970536
11.52	0.971401
11.11	0.973175
10.90	0.974069
10.70	0.974948
10.29	0.976708
9.87	0.978482
9.67	0.979376
9.46	0.980241
9.05	0.982015
8.85	0.982909
8.64	0.983804
8.44	0.984683
8.23	0.985123
7.82	0.985123
7.61	0.985123
7.20	0.985123
6.79	0.985123
6.58	0.985123
6.38	0.985123
5.97	0.985123
5.76	0.985123
5.56	0.985123
5.35	0.985123
4.94	0.985123
4.53	0.985123
4.12	0.985123
3.91	0.985123
3.71	0.985123
3.50	0.985123
2.88	0.985123
2.68	0.985123
2.47	0.985123
2.27	0.985123
2.06	0.985123
1.86	0.985123
1.65	0.985123
1.44	0.985123
1.03	0.985123
