206.44	0.768316
198.62	0.768316
198.42	0.750155
198.21	0.739153
198.01	0.73903
197.60	0.739155
197.18	0.73903
196.77	0.739153
196.36	0.739026
195.95	0.739155
195.75	0.739028
195.33	0.739155
194.92	0.73903
194.51	0.739153
194.10	0.739028
193.69	0.739153
193.28	0.739026
192.87	0.739155
192.66	0.739028
192.25	0.739155
191.84	0.739026
191.43	0.739155
191.02	0.739028
190.60	0.739155
190.19	0.73903
189.78	0.739153
189.58	0.73903
189.17	0.739153
188.75	0.739028
188.34	0.739155
187.93	0.739026
187.52	0.739155
187.11	0.739026
186.70	0.739155
186.29	0.73903
185.88	0.739153
185.67	0.739028
185.26	0.739158
184.85	0.739028
184.44	0.739155
184.03	0.739028
183.61	0.739158
183.20	0.73903
183.00	0.739164
182.79	0.739094
182.38	0.739098
181.97	0.739166
181.56	0.739098
181.35	0.739164
181.15	0.73909
180.94	0.739168
180.53	0.739096
180.32	0.739166
179.91	0.739094
179.71	0.739168
179.30	0.739098
178.68	0.739166
178.27	0.739096
178.06	0.739166
177.65	0.739094
177.45	0.739166
177.24	0.739096
177.03	0.739166
176.62	0.739094
176.42	0.739168
176.01	0.739096
175.80	0.739166
175.39	0.739098
159.35	0.73912
159.15	0.739515
158.94	0.742029
158.53	0.741942
158.32	0.738573
157.91	0.738523
157.71	0.738246
157.50	0.738872
157.30	0.739722
157.09	0.739604
156.88	0.737657
156.68	0.737807
156.47	0.741125
156.27	0.741514
156.06	0.740692
155.86	0.738831
155.65	0.739527
155.45	0.742391
155.24	0.744213
155.03	0.743867
154.83	0.741595
154.62	0.740372
154.42	0.741433
154.21	0.738951
154.01	0.739358
153.80	0.739148
153.60	0.744771
153.39	0.746455
153.18	0.747718
152.98	0.747067
152.77	0.744843
152.57	0.74136
152.36	0.743887
152.16	0.745156
151.95	0.747302
151.74	0.746831
151.54	0.749872
151.33	0.749213
151.13	0.751684
150.92	0.751636
150.72	0.751952
150.51	0.750421
150.31	0.749084
150.10	0.749362
149.89	0.7461
149.69	0.746188
149.48	0.745907
149.28	0.750382
149.07	0.750133
148.87	0.750518
148.66	0.748412
148.45	0.747437
148.25	0.749736
148.04	0.748144
147.63	0.74172
147.43	0.741558
147.22	0.740565
147.02	0.741095
146.81	0.744825
146.60	0.749395
146.40	0.748727
145.99	0.744311
145.78	0.743146
145.58	0.73972
145.37	0.738771
145.17	0.738765
144.96	0.741756
144.75	0.743478
144.55	0.749631
144.34	0.7539
144.14	0.755163
143.93	0.755009
143.73	0.753032
143.52	0.749817
143.31	0.746338
143.11	0.744803
142.90	0.747262
142.70	0.750074
142.49	0.753319
142.29	0.754754
142.08	0.752139
141.88	0.751958
141.46	0.74713
141.26	0.741922
141.05	0.738826
140.85	0.739173
140.64	0.742458
140.44	0.743067
140.23	0.745165
140.02	0.749959
139.82	0.754918
139.61	0.755087
139.41	0.750835
139.20	0.748093
139.00	0.747445
138.79	0.744733
138.59	0.74699
138.38	0.747888
138.17	0.752231
137.97	0.752774
137.76	0.755021
137.56	0.753402
137.35	0.749166
137.15	0.74383
136.94	0.741367
136.74	0.74316
136.53	0.746184
136.32	0.749553
136.12	0.747948
135.91	0.743757
135.71	0.73986
135.50	0.741736
135.30	0.741791
135.09	0.74579
134.88	0.745198
134.68	0.750133
134.47	0.750436
134.27	0.749312
134.06	0.748588
133.86	0.748199
133.65	0.749419
133.45	0.752319
133.24	0.752145
133.03	0.754487
132.62	0.750248
132.42	0.748003
132.21	0.747389
132.01	0.748735
131.80	0.751147
131.60	0.751458
131.39	0.750851
131.18	0.749032
130.98	0.750671
130.77	0.750184
130.57	0.750766
130.36	0.7494
130.16	0.755235
129.95	0.756111
129.74	0.7586
129.54	0.756694
129.33	0.755472
129.13	0.756975
128.92	0.758843
128.72	0.758909
128.51	0.760018
128.31	0.757375
128.10	0.756229
127.89	0.754209
127.69	0.754387
127.48	0.752011
127.28	0.751655
127.07	0.75056
126.87	0.750319
126.66	0.752465
126.45	0.75296
126.25	0.752898
126.04	0.750521
125.84	0.748845
125.63	0.745929
125.43	0.745825
125.22	0.749712
125.02	0.754127
124.81	0.760475
124.60	0.760536
124.40	0.7585
124.19	0.759904
123.99	0.761843
123.78	0.764618
123.58	0.760462
123.37	0.757929
123.17	0.756076
122.96	0.755883
122.75	0.758776
122.55	0.758498
122.34	0.761148
122.14	0.762035
121.93	0.763583
121.73	0.760596
121.52	0.76335
121.31	0.764558
121.11	0.763725
120.90	0.76038
120.70	0.757596
120.49	0.755318
120.29	0.756247
120.08	0.75907
119.88	0.760091
119.67	0.760714
119.46	0.7631
119.26	0.763352
119.05	0.76206
118.85	0.7604
118.64	0.762062
118.44	0.759859
118.23	0.758495
118.02	0.759954
117.82	0.763701
117.61	0.765166
117.41	0.760796
117.20	0.760984
117.00	0.758067
116.79	0.757411
116.59	0.759535
116.17	0.762199
115.97	0.764333
115.76	0.764407
115.56	0.760901
115.35	0.758718
115.15	0.760471
114.94	0.759844
114.74	0.762115
114.53	0.760894
114.32	0.761679
114.12	0.764894
113.91	0.7649
113.71	0.75976
113.50	0.754402
113.30	0.751437
113.09	0.754007
112.88	0.75198
112.68	0.753014
112.47	0.754523
112.27	0.758236
112.06	0.760913
111.86	0.760025
111.65	0.759854
111.45	0.763427
111.24	0.767193
111.03	0.771481
110.83	0.770603
110.62	0.769046
110.42	0.768638
110.21	0.768851
110.01	0.772681
109.80	0.777726
109.59	0.779576
109.39	0.777764
109.18	0.769383
108.98	0.763489
108.77	0.756882
108.57	0.755601
108.36	0.756915
108.16	0.761232
107.95	0.761871
107.74	0.763567
107.54	0.763925
107.33	0.766321
107.13	0.76669
106.92	0.765991
106.72	0.762534
106.51	0.761526
106.31	0.75886
106.10	0.759222
105.89	0.761936
105.69	0.760567
105.48	0.762584
105.28	0.761105
105.07	0.757954
104.87	0.758987
104.66	0.756815
104.45	0.759163
104.25	0.758699
104.04	0.758922
103.84	0.760784
103.63	0.760859
103.43	0.76226
103.22	0.763062
103.02	0.7616
102.81	0.761187
102.60	0.758371
102.40	0.754575
102.19	0.75142
101.99	0.749734
101.78	0.75274
101.58	0.756087
101.37	0.760154
101.16	0.763871
100.96	0.765695
100.75	0.768814
100.55	0.766001
100.34	0.761989
100.14	0.757698
99.93	0.752935
99.73	0.754497
99.52	0.754757
99.31	0.756237
99.11	0.757105
98.90	0.758627
98.70	0.758538
98.49	0.759527
98.29	0.763865
98.08	0.765186
97.88	0.767916
97.67	0.769262
97.46	0.763916
97.26	0.761437
96.85	0.759239
96.64	0.760796
96.44	0.763505
96.23	0.760629
96.02	0.760653
95.82	0.757249
95.41	0.754362
95.20	0.749904
95.00	0.750292
94.79	0.746749
94.59	0.748827
94.38	0.753613
94.17	0.754751
93.97	0.76037
93.76	0.763014
93.56	0.763469
93.35	0.764378
93.15	0.764236
92.94	0.761654
92.73	0.762
92.53	0.759385
92.32	0.758342
92.12	0.757096
91.91	0.754885
91.71	0.755391
91.50	0.754728
91.30	0.754978
91.09	0.756517
90.88	0.756311
90.68	0.756566
90.47	0.758141
90.27	0.757868
89.86	0.760569
89.65	0.760124
89.45	0.76389
89.24	0.766646
89.03	0.766705
88.83	0.766388
88.62	0.76522
88.42	0.76185
88.21	0.760418
88.01	0.76015
87.80	0.761554
87.59	0.760772
87.39	0.759368
87.18	0.756826
86.98	0.755126
86.77	0.753844
86.57	0.751653
86.36	0.751729
86.16	0.75516
85.95	0.758436
85.74	0.759572
85.54	0.759981
85.33	0.762732
85.13	0.761063
84.92	0.757742
84.72	0.755659
84.51	0.758462
84.30	0.757957
84.10	0.7598
83.69	0.764112
83.48	0.764358
83.28	0.761983
83.07	0.760859
82.87	0.760032
82.66	0.759927
82.45	0.759239
82.25	0.759269
82.04	0.759922
81.84	0.760399
81.63	0.761029
81.43	0.760008
81.22	0.759765
81.02	0.762541
80.81	0.75983
80.40	0.757782
80.19	0.756052
79.99	0.756417
79.78	0.755339
79.58	0.75292
79.37	0.753239
79.16	0.75435
78.96	0.753742
78.75	0.75445
78.55	0.755449
78.34	0.756118
78.14	0.757809
77.93	0.758739
77.73	0.758631
77.52	0.758327
77.31	0.758647
77.11	0.757276
76.90	0.757822
76.70	0.757551
76.49	0.756775
76.29	0.756442
76.08	0.758936
75.67	0.760082
75.46	0.761167
75.26	0.761727
75.05	0.760973
74.85	0.759979
74.64	0.759408
74.23	0.76028
74.02	0.75738
73.61	0.755505
73.41	0.756998
73.20	0.75739
72.79	0.758561
72.59	0.758991
72.17	0.758536
71.97	0.757253
71.76	0.75819
71.35	0.761222
71.15	0.762578
70.94	0.760522
70.73	0.759645
70.53	0.761403
70.32	0.761762
69.91	0.761717
69.71	0.763336
69.50	0.763468
69.30	0.765078
69.09	0.765282
68.88	0.764598
68.68	0.764305
68.27	0.764156
68.06	0.764781
67.86	0.767281
67.65	0.767234
67.24	0.766546
67.03	0.766378
66.83	0.766966
66.62	0.766711
66.42	0.766583
66.21	0.766539
63.54	0.763326
63.33	0.763071
61.07	0.760355
60.87	0.7601
60.66	0.759859
60.45	0.759617
60.25	0.759362
59.63	0.758618
59.22	0.758128
58.81	0.757632
58.40	0.757142
57.78	0.756391
57.58	0.756156
57.37	0.755901
56.96	0.755405
56.34	0.754661
55.93	0.754164
55.52	0.753675
55.11	0.753178
54.90	0.75293
54.49	0.752434
54.08	0.751944
53.67	0.751448
53.05	0.750703
52.64	0.750207
52.23	0.749717
51.82	0.749221
51.41	0.748731
51.20	0.748477
50.79	0.74798
50.38	0.747491
49.76	0.746739
49.56	0.746505
49.35	0.74625
49.15	0.746008
48.94	0.745753
48.32	0.745022
48.12	0.744767
47.91	0.744519
47.50	0.744023
47.30	0.743781
47.09	0.743527
46.88	0.743278
46.47	0.742795
46.27	0.742541
46.06	0.742292
45.44	0.741555
44.83	0.74081
44.62	0.741119
44.21	0.743091
44.01	0.74407
43.59	0.746028
43.39	0.747008
43.18	0.747987
42.98	0.748966
42.77	0.749945
42.16	0.752883
41.54	0.755807
41.33	0.7568
41.13	0.757779
40.92	0.758759
40.51	0.760704
40.10	0.762662
39.69	0.764621
39.28	0.766579
39.07	0.767572
38.45	0.77051
38.25	0.771489
38.04	0.772455
37.43	0.775406
37.22	0.776372
37.01	0.777364
36.40	0.780289
35.99	0.782261
35.16	0.786164
34.75	0.788123
34.14	0.79106
33.52	0.794012
33.31	0.794977
32.90	0.796949
32.29	0.799874
32.08	0.800866
31.87	0.801846
31.26	0.804777
31.05	0.805756
30.85	0.806735
30.44	0.808694
30.23	0.809673
30.02	0.810652
29.82	0.811632
29.20	0.814569
29.00	0.815548
28.79	0.816528
28.17	0.819465
27.97	0.820445
27.76	0.821424
27.56	0.822403
27.15	0.824362
26.94	0.825341
26.53	0.827299
26.12	0.829258
25.91	0.830237
25.30	0.833175
25.09	0.834154
24.88	0.835133
24.06	0.83905
23.86	0.84003
23.65	0.841009
23.44	0.841874
23.24	0.842679
22.83	0.844296
22.21	0.846723
22.01	0.847535
21.80	0.848353
21.18	0.850768
20.98	0.85158
20.77	0.852398
20.15	0.854826
19.95	0.855631
19.74	0.856442
19.33	0.858059
19.13	0.85887
18.92	0.859689
18.72	0.860487
18.51	0.861305
18.10	0.862915
17.89	0.863726
17.69	0.864545
17.28	0.866161
16.87	0.867777
16.66	0.868589
16.04	0.87101
15.84	0.871822
15.63	0.872633
15.22	0.87427
14.81	0.87588
14.60	0.876685
14.40	0.877489
13.99	0.879126
13.78	0.879918
13.58	0.880722
13.16	0.882359
12.75	0.883982
12.34	0.885592
12.14	0.886397
11.72	0.888033
11.52	0.888825
11.11	0.890448
10.90	0.891266
10.70	0.892071
10.29	0.893681
9.87	0.895304
9.67	0.896122
9.46	0.896914
9.05	0.898537
8.85	0.899355
8.64	0.900173
8.44	0.900978
8.23	0.90138
7.82	0.90138
7.61	0.90138
7.20	0.90138
6.79	0.90138
6.58	0.90138
6.38	0.90138
5.97	0.90138
5.76	0.90138
5.56	0.90138
5.35	0.90138
4.94	0.90138
4.53	0.90138
4.12	0.90138
3.91	0.90138
3.71	0.90138
3.50	0.90138
2.88	0.90138
2.68	0.90138
2.47	0.90138
2.27	0.90138
2.06	0.90138
1.86	0.90138
1.65	0.90138
1.44	0.90138
1.03	0.90138
