206.44	0.744907
198.62	0.744907
198.42	0.727298
198.21	0.716632
198.01	0.716513
197.60	0.716634
197.18	0.716513
196.77	0.716632
196.36	0.716509
195.95	0.716634
195.75	0.716511
195.33	0.716634
194.92	0.716513
194.51	0.716632
194.10	0.716511
193.69	0.716632
193.28	0.716509
192.87	0.716634
192.66	0.716511
192.25	0.716634
191.84	0.716509
191.43	0.716634
191.02	0.716511
190.60	0.716634
190.19	0.716513
189.78	0.716632
189.58	0.716513
189.17	0.716632
188.75	0.716511
188.34	0.716634
187.93	0.716509
187.52	0.716634
187.11	0.716509
186.70	0.716634
186.29	0.716513
185.88	0.716632
185.67	0.716511
185.26	0.716636
184.85	0.716511
184.44	0.716634
184.03	0.716511
183.61	0.716636
183.20	0.716512
183.00	0.716642
182.79	0.716575
182.38	0.716579
181.97	0.716644
181.56	0.716579
181.35	0.716642
181.15	0.716571
180.94	0.716646
180.53	0.716577
180.32	0.716644
179.91	0.716575
179.71	0.716646
179.30	0.716579
178.68	0.716644
178.27	0.716577
178.06	0.716644
177.65	0.716575
177.45	0.716644
177.24	0.716577
177.03	0.716644
176.62	0.716575
176.42	0.716646
176.01	0.716577
175.80	0.716644
175.39	0.716579
159.35	0.7166
159.15	0.716983
158.94	0.719421
158.53	0.719336
158.32	0.716069
157.91	0.716021
157.71	0.715752
157.50	0.716359
157.30	0.717184
157.09	0.717069
156.88	0.715182
156.68	0.715327
156.47	0.718544
156.27	0.718921
156.06	0.718124
155.86	0.71632
155.65	0.716995
155.45	0.719771
155.24	0.721538
155.03	0.721202
154.83	0.718999
154.62	0.717814
154.42	0.718842
154.21	0.716436
154.01	0.716831
153.80	0.716627
153.60	0.722078
153.39	0.723712
153.18	0.724936
152.98	0.724305
152.77	0.722148
152.57	0.718771
152.36	0.721222
152.16	0.722452
151.95	0.724533
151.74	0.724076
151.54	0.727024
151.33	0.726385
151.13	0.728781
150.92	0.728735
150.72	0.729041
150.51	0.727556
150.31	0.726261
150.10	0.72653
149.89	0.723367
149.69	0.723453
149.48	0.723181
149.28	0.727519
149.07	0.727277
148.87	0.72765
148.66	0.725609
148.45	0.724664
148.25	0.726893
148.04	0.725349
147.63	0.719121
147.43	0.718964
147.22	0.718001
147.02	0.718514
146.81	0.722131
146.60	0.726562
146.40	0.725915
145.99	0.721633
145.78	0.720503
145.58	0.717182
145.37	0.716262
145.17	0.716256
144.96	0.719155
144.75	0.720825
144.55	0.726791
144.34	0.730929
144.14	0.732154
143.93	0.732005
143.73	0.730088
143.52	0.726971
143.31	0.723598
143.11	0.72211
142.90	0.724494
142.70	0.72722
142.49	0.730366
142.29	0.731758
142.08	0.729222
141.88	0.729047
141.46	0.724366
141.26	0.719316
141.05	0.716315
140.85	0.716651
140.64	0.719836
140.44	0.720427
140.23	0.722461
140.02	0.727109
139.82	0.731917
139.61	0.732081
139.41	0.727958
139.20	0.7253
139.00	0.724672
138.79	0.722042
138.59	0.72423
138.38	0.725101
138.17	0.729312
137.97	0.729838
137.76	0.732016
137.56	0.730447
137.35	0.72634
137.15	0.721167
136.94	0.718779
136.74	0.720517
136.53	0.723449
136.32	0.726716
136.12	0.725159
135.91	0.721096
135.71	0.717318
135.50	0.719137
135.30	0.71919
135.09	0.723067
134.88	0.722493
134.68	0.727277
134.47	0.727571
134.27	0.726481
134.06	0.725779
133.86	0.725402
133.65	0.726585
133.45	0.729397
133.24	0.729228
133.03	0.731499
132.62	0.727389
132.42	0.725212
132.21	0.724617
132.01	0.725922
131.80	0.72826
131.60	0.728562
131.39	0.727973
131.18	0.72621
130.98	0.727799
130.77	0.727326
130.57	0.727891
130.36	0.726567
130.16	0.732224
129.95	0.733073
129.74	0.735487
129.54	0.733639
129.33	0.732454
129.13	0.733912
128.92	0.735722
128.72	0.735786
128.51	0.736861
128.31	0.734299
128.10	0.733188
127.89	0.731229
127.69	0.731402
127.48	0.729099
127.28	0.728753
127.07	0.727692
126.87	0.727458
126.66	0.729539
126.45	0.730018
126.25	0.729958
126.04	0.727654
125.84	0.726028
125.63	0.723202
125.43	0.723101
125.22	0.72687
125.02	0.731149
124.81	0.737304
124.60	0.737363
124.40	0.735389
124.19	0.736751
123.99	0.738631
123.78	0.741321
123.58	0.737291
123.37	0.734836
123.17	0.73304
122.96	0.732852
122.75	0.735657
122.55	0.735387
122.34	0.737957
122.14	0.738817
121.93	0.740317
121.73	0.737421
121.52	0.740092
121.31	0.741263
121.11	0.740455
120.90	0.737213
120.70	0.734514
120.49	0.732305
120.29	0.733205
120.08	0.735942
119.88	0.736932
119.67	0.737536
119.46	0.73985
119.26	0.740094
119.05	0.738842
118.85	0.737232
118.64	0.738843
118.44	0.736707
118.23	0.735384
118.02	0.736799
117.82	0.740432
117.61	0.741853
117.41	0.737616
117.20	0.737798
117.00	0.73497
116.79	0.734334
116.59	0.736393
116.17	0.738976
115.97	0.741045
115.76	0.741117
115.56	0.737717
115.35	0.735601
115.15	0.7373
114.94	0.736693
114.74	0.738894
114.53	0.73771
114.32	0.738471
114.12	0.741588
113.91	0.741594
113.71	0.736611
113.50	0.731417
113.30	0.728542
113.09	0.731033
112.88	0.729068
112.68	0.730071
112.47	0.731534
112.27	0.735134
112.06	0.737729
111.86	0.736868
111.65	0.736703
111.45	0.740167
111.24	0.743818
111.03	0.747975
110.83	0.747123
110.62	0.745614
110.42	0.745219
110.21	0.745425
110.01	0.749138
109.80	0.75403
109.59	0.755824
109.39	0.754067
109.18	0.745941
108.98	0.740227
108.77	0.733821
108.57	0.732579
108.36	0.733853
108.16	0.738038
107.95	0.738658
107.74	0.740302
107.54	0.740649
107.33	0.742972
107.13	0.74333
106.92	0.742652
106.72	0.7393
106.51	0.738323
106.31	0.735739
106.10	0.736089
105.89	0.738721
105.69	0.737393
105.48	0.739349
105.28	0.737915
105.07	0.73486
104.87	0.735862
104.66	0.733756
104.45	0.736033
104.25	0.735582
104.04	0.735798
103.84	0.737604
103.63	0.737677
103.43	0.739035
103.22	0.739813
103.02	0.738395
102.81	0.737995
102.60	0.735265
102.40	0.731584
102.19	0.728525
101.99	0.726891
101.78	0.729805
101.58	0.73305
101.37	0.736993
101.16	0.740597
100.96	0.742365
100.75	0.745389
100.55	0.742662
100.34	0.738772
100.14	0.734612
99.93	0.729995
99.73	0.731508
99.52	0.73176
99.31	0.733196
99.11	0.734037
98.90	0.735513
98.70	0.735426
98.49	0.736386
98.29	0.740591
98.08	0.741871
97.88	0.744519
97.67	0.745823
97.46	0.74064
97.26	0.738237
96.85	0.736106
96.64	0.737616
96.44	0.740242
96.23	0.737453
96.02	0.737477
95.82	0.734177
95.41	0.731378
95.20	0.727055
95.00	0.727432
94.79	0.723997
94.59	0.726011
94.38	0.730652
94.17	0.731754
93.97	0.737202
93.76	0.739766
93.56	0.740207
93.35	0.741088
93.15	0.74095
92.94	0.738448
92.73	0.738783
92.53	0.736248
92.32	0.735236
92.12	0.734028
91.91	0.731885
91.71	0.732375
91.50	0.731732
91.30	0.731975
91.09	0.733467
90.88	0.733267
90.68	0.733515
90.47	0.735042
90.27	0.734777
89.86	0.737395
89.65	0.736964
89.45	0.740615
89.24	0.743287
89.03	0.743344
88.83	0.743037
88.62	0.741904
88.42	0.738637
88.21	0.737249
88.01	0.73699
87.80	0.73835
87.59	0.737593
87.39	0.736231
87.18	0.733766
86.98	0.732119
86.77	0.730875
86.57	0.728751
86.36	0.728825
86.16	0.732152
85.95	0.735328
85.74	0.736429
85.54	0.736825
85.33	0.739493
85.13	0.737875
84.92	0.734654
84.72	0.732635
84.51	0.735352
84.30	0.734863
84.10	0.73665
83.69	0.740831
83.48	0.741069
83.28	0.738766
83.07	0.737676
82.87	0.736875
82.66	0.736773
82.45	0.736106
82.25	0.736135
82.04	0.736768
81.84	0.737231
81.63	0.737842
81.43	0.736851
81.22	0.736616
81.02	0.739307
80.81	0.736679
80.40	0.734694
80.19	0.733016
79.99	0.73337
79.78	0.732325
79.58	0.72998
79.37	0.730289
79.16	0.731366
78.96	0.730776
78.75	0.731463
78.55	0.732431
78.34	0.73308
78.14	0.73472
77.93	0.735621
77.73	0.735517
77.52	0.735222
77.31	0.735532
77.11	0.734203
76.90	0.734732
76.70	0.734469
76.49	0.733717
76.29	0.733394
76.08	0.735812
75.67	0.736923
75.46	0.737976
75.26	0.738518
75.05	0.737787
74.85	0.736824
74.64	0.736269
74.23	0.737116
74.02	0.734303
73.61	0.732486
73.41	0.733933
73.20	0.734314
72.79	0.735449
72.59	0.735865
72.17	0.735425
71.97	0.73418
71.76	0.735089
71.35	0.738029
71.15	0.739344
70.94	0.73735
70.73	0.736499
70.53	0.738204
70.32	0.738552
69.91	0.738508
69.71	0.740078
69.50	0.740206
69.30	0.741768
69.09	0.741965
68.88	0.741302
68.68	0.741017
68.27	0.740873
68.06	0.741479
67.86	0.743903
67.65	0.743857
67.24	0.743191
67.03	0.743027
66.83	0.743597
66.62	0.74335
66.42	0.743226
66.21	0.743184
63.54	0.740069
63.33	0.739822
61.07	0.737188
60.87	0.736941
60.66	0.736707
60.45	0.736473
60.25	0.736226
59.63	0.735504
59.22	0.735029
58.81	0.734548
58.40	0.734073
57.78	0.733345
57.58	0.733117
57.37	0.73287
56.96	0.732389
56.34	0.731667
55.93	0.731186
55.52	0.730711
55.11	0.73023
54.90	0.729989
54.49	0.729508
54.08	0.729033
53.67	0.728552
53.05	0.72783
52.64	0.727349
52.23	0.726874
51.82	0.726393
51.41	0.725919
51.20	0.725671
50.79	0.72519
50.38	0.724715
49.76	0.723987
49.56	0.72376
49.35	0.723512
49.15	0.723278
48.94	0.723031
48.32	0.722322
48.12	0.722075
47.91	0.721835
47.50	0.721354
47.30	0.721119
47.09	0.720872
46.88	0.720632
46.47	0.720163
46.27	0.719916
46.06	0.719676
45.44	0.718961
44.83	0.718239
44.62	0.718538
44.21	0.72045
44.01	0.721399
43.59	0.723298
43.39	0.724247
43.18	0.725197
42.98	0.726146
42.77	0.727096
42.16	0.729944
41.54	0.732779
41.33	0.733741
41.13	0.734691
40.92	0.73564
40.51	0.737526
40.10	0.739425
39.69	0.741324
39.28	0.743223
39.07	0.744185
38.45	0.747033
38.25	0.747983
38.04	0.748919
37.43	0.75178
37.22	0.752717
37.01	0.753679
36.40	0.756514
35.99	0.758426
35.16	0.762211
34.75	0.76411
34.14	0.766958
33.52	0.769819
33.31	0.770756
32.90	0.772667
32.29	0.775503
32.08	0.776465
31.87	0.777415
31.26	0.780256
31.05	0.781206
30.85	0.782155
30.44	0.784054
30.23	0.785003
30.02	0.785953
29.82	0.786902
29.20	0.78975
29.00	0.7907
28.79	0.791649
28.17	0.794497
27.97	0.795447
27.76	0.796396
27.56	0.797346
27.15	0.799245
26.94	0.800194
26.53	0.802093
26.12	0.803992
25.91	0.804941
25.30	0.807789
25.09	0.808739
24.88	0.809688
24.06	0.813486
23.86	0.814435
23.65	0.815385
23.44	0.816224
23.24	0.817004
22.83	0.818571
22.21	0.820925
22.01	0.821712
21.80	0.822505
21.18	0.824846
20.98	0.825633
20.77	0.826426
20.15	0.82878
19.95	0.829561
19.74	0.830348
19.33	0.831915
19.13	0.832702
18.92	0.833495
18.72	0.834269
18.51	0.835062
18.10	0.836623
17.89	0.83741
17.69	0.838203
17.28	0.83977
16.87	0.841337
16.66	0.842124
16.04	0.844472
15.84	0.845259
15.63	0.846045
15.22	0.847632
14.81	0.849193
14.60	0.849973
14.40	0.850753
13.99	0.85234
13.78	0.853108
13.58	0.853888
13.16	0.855475
12.75	0.857048
12.34	0.858609
12.14	0.859389
11.72	0.860976
11.52	0.861743
11.11	0.863317
10.90	0.86411
10.70	0.864891
10.29	0.866452
9.87	0.868025
9.67	0.868818
9.46	0.869586
9.05	0.871159
8.85	0.871953
8.64	0.872746
8.44	0.873526
8.23	0.873917
7.82	0.873917
7.61	0.873917
7.20	0.873917
6.79	0.873917
6.58	0.873917
6.38	0.873917
5.97	0.873917
5.76	0.873917
5.56	0.873917
5.35	0.873917
4.94	0.873917
4.53	0.873917
4.12	0.873917
3.91	0.873917
3.71	0.873917
3.50	0.873917
2.88	0.873917
2.68	0.873917
2.47	0.873917
2.27	0.873917
2.06	0.873917
1.86	0.873917
1.65	0.873917
1.44	0.873917
1.03	0.873917
