206.44	0.749292
198.62	0.749292
198.42	0.767883
198.21	0.78007
198.01	0.780211
197.60	0.780067
197.18	0.780211
196.77	0.78007
196.36	0.780215
195.95	0.780067
195.75	0.780213
195.33	0.780067
194.92	0.780211
194.51	0.78007
194.10	0.780213
193.69	0.78007
193.28	0.780215
192.87	0.780067
192.66	0.780213
192.25	0.780067
191.84	0.780215
191.43	0.780067
191.02	0.780213
190.60	0.780067
190.19	0.780211
189.78	0.78007
189.58	0.780211
189.17	0.78007
188.75	0.780213
188.34	0.780067
187.93	0.780215
187.52	0.780067
187.11	0.780215
186.70	0.780067
186.29	0.780211
185.88	0.78007
185.67	0.780213
185.26	0.780065
184.85	0.780213
184.44	0.780067
184.03	0.780213
183.61	0.780065
183.20	0.780211
183.00	0.780058
182.79	0.780138
182.38	0.780133
181.97	0.780056
181.56	0.780133
181.35	0.780058
181.15	0.780143
180.94	0.780053
180.53	0.780135
180.32	0.780056
179.91	0.780138
179.71	0.780053
179.30	0.780133
178.68	0.780056
178.27	0.780135
178.06	0.780056
177.65	0.780138
177.45	0.780056
177.24	0.780135
177.03	0.780056
176.62	0.780138
176.42	0.780053
176.01	0.780135
175.80	0.780056
175.39	0.780133
159.35	0.780107
159.15	0.779657
158.94	0.776812
158.53	0.77691
158.32	0.780734
157.91	0.780791
157.71	0.781109
157.50	0.780392
157.30	0.779421
157.09	0.779556
156.88	0.781786
156.68	0.781613
156.47	0.777831
156.27	0.777392
156.06	0.77832
155.86	0.780438
155.65	0.779643
155.45	0.776406
155.24	0.774372
155.03	0.774758
154.83	0.777301
154.62	0.778683
154.42	0.777483
154.21	0.780301
154.01	0.779836
153.80	0.780076
153.60	0.773755
153.39	0.771899
153.18	0.770519
152.98	0.771229
152.77	0.773675
152.57	0.777566
152.36	0.774735
152.16	0.773328
151.95	0.770973
151.74	0.771487
151.54	0.768188
151.33	0.768898
151.13	0.766247
150.92	0.766298
150.72	0.765962
150.51	0.767598
150.31	0.769037
150.10	0.768737
149.89	0.772289
149.69	0.772192
149.48	0.7725
149.28	0.76764
149.07	0.767907
148.87	0.767494
148.66	0.769765
148.45	0.770825
148.25	0.768333
148.04	0.770055
147.63	0.777159
147.43	0.777342
147.22	0.778464
147.02	0.777865
146.81	0.773694
146.60	0.768701
146.40	0.769423
145.99	0.774264
145.78	0.775561
145.58	0.779424
145.37	0.780507
145.17	0.780514
144.96	0.777119
144.75	0.775191
144.55	0.768447
144.34	0.7639
144.14	0.762575
143.93	0.762736
143.73	0.764816
143.52	0.768247
143.31	0.772028
143.11	0.773719
142.90	0.771016
142.70	0.76797
142.49	0.764513
142.29	0.763003
142.08	0.765763
141.88	0.765956
141.46	0.77116
141.26	0.776933
141.05	0.780443
140.85	0.780048
140.64	0.77633
140.44	0.775649
140.23	0.773318
140.02	0.768093
139.82	0.762831
139.61	0.762654
139.41	0.767154
139.20	0.770111
139.00	0.770816
138.79	0.773796
138.59	0.771313
138.38	0.770334
138.17	0.765665
137.97	0.765089
137.76	0.762724
137.56	0.764425
137.35	0.768948
137.15	0.774798
136.94	0.777557
136.74	0.775545
136.53	0.772197
136.32	0.768531
136.12	0.770269
135.91	0.774879
135.71	0.779264
135.50	0.777141
135.30	0.777079
135.09	0.77263
134.88	0.773282
134.68	0.767907
134.47	0.767581
134.27	0.768791
134.06	0.769574
133.86	0.769996
133.65	0.768676
133.45	0.765572
133.24	0.765756
133.03	0.763283
132.62	0.767783
132.42	0.770209
132.21	0.770877
132.01	0.769414
131.80	0.76682
131.60	0.766488
131.39	0.767137
131.18	0.769093
130.98	0.767329
130.77	0.767852
130.57	0.767228
130.36	0.768696
130.16	0.7625
129.95	0.761586
129.74	0.759014
129.54	0.76098
129.33	0.762252
129.13	0.760689
128.92	0.758765
128.72	0.758698
128.51	0.757564
128.31	0.760276
128.10	0.761463
127.89	0.763575
127.69	0.763388
127.48	0.765899
127.28	0.766278
127.07	0.767448
126.87	0.767707
126.66	0.765416
126.45	0.764893
126.25	0.764958
126.04	0.76749
125.84	0.769296
125.63	0.772476
125.43	0.772591
125.22	0.768359
125.02	0.763662
124.81	0.7571
124.60	0.757037
124.40	0.759117
124.19	0.75768
123.99	0.755714
123.78	0.752934
123.58	0.757113
123.37	0.759704
123.17	0.761622
122.96	0.761824
122.75	0.758833
122.55	0.759119
122.34	0.756416
122.14	0.75552
121.93	0.753967
121.73	0.756977
121.52	0.754199
121.31	0.752994
121.11	0.753824
120.90	0.757195
120.70	0.760047
120.49	0.762413
120.29	0.761444
120.08	0.758533
119.88	0.757489
119.67	0.756857
119.46	0.754449
119.26	0.754197
119.05	0.755494
118.85	0.757175
118.64	0.755493
118.44	0.757727
118.23	0.759122
118.02	0.757629
117.82	0.753848
117.61	0.75239
117.41	0.756773
117.20	0.756582
117.00	0.759562
116.79	0.760239
116.59	0.758057
116.17	0.755355
115.97	0.753218
115.76	0.753144
115.56	0.756667
115.35	0.758893
115.15	0.757104
114.94	0.757741
114.74	0.75544
114.53	0.756674
114.32	0.75588
114.12	0.752661
113.91	0.752654
113.71	0.757828
113.50	0.763372
113.30	0.76651
113.09	0.763787
112.88	0.765932
112.68	0.764835
112.47	0.763245
112.27	0.759388
112.06	0.756654
111.86	0.757557
111.65	0.757731
111.45	0.754122
111.24	0.750391
111.03	0.746231
110.83	0.747076
110.62	0.748582
110.42	0.748979
110.21	0.748772
110.01	0.745084
109.80	0.740335
109.59	0.738624
109.39	0.7403
109.18	0.748256
108.98	0.75406
108.77	0.760786
108.57	0.762117
108.36	0.760752
108.16	0.756331
107.95	0.755686
107.74	0.753982
107.54	0.753625
107.33	0.751249
107.13	0.750886
106.92	0.751574
106.72	0.755018
106.51	0.756034
106.31	0.758747
106.10	0.758377
105.89	0.75562
105.69	0.757006
105.48	0.754967
105.28	0.75646
105.07	0.759679
104.87	0.758617
104.66	0.760855
104.45	0.758437
104.25	0.758913
104.04	0.758684
103.84	0.756785
103.63	0.756709
103.43	0.755293
103.22	0.754488
103.02	0.755959
102.81	0.756377
102.60	0.759249
102.40	0.763191
102.19	0.766529
101.99	0.768336
101.78	0.765125
101.58	0.761611
101.37	0.757425
101.16	0.753679
100.96	0.751866
100.75	0.748808
100.55	0.751564
100.34	0.755567
100.14	0.759942
99.93	0.764918
99.73	0.763273
99.52	0.763
99.31	0.761455
99.11	0.760555
98.90	0.758986
98.70	0.759078
98.49	0.758065
98.29	0.753684
98.08	0.752371
97.88	0.749683
97.67	0.748373
97.46	0.753634
97.26	0.756124
96.85	0.758359
96.64	0.756773
96.44	0.754044
96.23	0.756943
96.02	0.756918
95.82	0.760406
95.41	0.763414
95.20	0.768153
95.00	0.767736
94.79	0.771576
94.59	0.769315
94.38	0.764202
94.17	0.763007
93.97	0.757206
93.76	0.754536
93.56	0.75408
93.35	0.753174
93.15	0.753315
92.94	0.755904
92.73	0.755555
92.53	0.75821
92.32	0.759279
92.12	0.760564
91.91	0.762865
91.71	0.762337
91.50	0.763031
91.30	0.762768
91.09	0.761164
90.88	0.761378
90.68	0.761113
90.47	0.759486
90.27	0.759767
89.86	0.757004
89.65	0.757456
89.45	0.75366
89.24	0.750929
89.03	0.750871
88.83	0.751182
88.62	0.752337
88.42	0.755707
88.21	0.757157
88.01	0.757429
87.80	0.756006
87.59	0.756797
87.39	0.758228
87.18	0.760844
86.98	0.762613
86.77	0.76396
86.57	0.76628
86.36	0.766199
86.16	0.762578
85.95	0.759183
85.74	0.758019
85.54	0.757602
85.33	0.754818
85.13	0.756502
84.92	0.759897
84.72	0.762057
84.51	0.759156
84.30	0.759675
84.10	0.757786
83.69	0.753438
83.48	0.753193
83.28	0.755573
83.07	0.756709
82.87	0.75755
82.66	0.757657
82.45	0.758359
82.25	0.758328
82.04	0.757662
81.84	0.757176
81.63	0.756536
81.43	0.757574
81.22	0.757822
81.02	0.755011
80.81	0.757755
80.40	0.759855
80.19	0.761647
79.99	0.761268
79.78	0.762391
79.58	0.764934
79.37	0.764597
79.16	0.763427
78.96	0.764067
78.75	0.763322
78.55	0.762277
78.34	0.761579
78.14	0.759828
77.93	0.758872
77.73	0.758982
77.52	0.759294
77.31	0.758966
77.11	0.760378
76.90	0.759814
76.70	0.760094
76.49	0.760897
76.29	0.761243
76.08	0.75867
75.67	0.757499
75.46	0.756397
75.26	0.755831
75.05	0.756594
74.85	0.757604
74.64	0.758187
74.23	0.757297
74.02	0.760271
73.61	0.762218
73.41	0.760666
73.20	0.76026
72.79	0.759054
72.59	0.758613
72.17	0.759079
71.97	0.760402
71.76	0.759436
71.35	0.756341
71.15	0.754973
70.94	0.757051
70.73	0.757945
70.53	0.756158
70.32	0.755795
69.91	0.755841
69.71	0.754214
69.50	0.754081
69.30	0.752477
69.09	0.752275
68.88	0.752954
68.68	0.753246
68.27	0.753394
68.06	0.752773
67.86	0.750305
67.65	0.750257
67.24	0.749866
67.03	0.749488
66.83	0.748379
66.62	0.748086
66.42	0.747686
66.21	0.747191
63.54	0.743369
63.33	0.743077
61.07	0.739845
60.87	0.739546
60.66	0.739253
60.45	0.738964
60.25	0.73867
59.63	0.737784
59.22	0.737202
58.81	0.736611
58.40	0.736027
57.78	0.735141
57.58	0.734846
57.37	0.734554
56.96	0.733966
56.34	0.733085
55.93	0.732498
55.52	0.73191
55.11	0.731323
54.90	0.731025
54.49	0.730437
54.08	0.729853
53.67	0.729262
53.05	0.728385
52.64	0.727794
52.23	0.72721
51.82	0.726618
51.41	0.726032
51.20	0.725738
50.79	0.725149
50.38	0.724564
49.76	0.723681
49.56	0.723387
49.35	0.723095
49.15	0.722802
48.94	0.722506
48.32	0.721625
48.12	0.721332
47.91	0.721036
47.50	0.720446
47.30	0.720157
47.09	0.719863
46.88	0.71957
46.47	0.718977
46.27	0.718688
46.06	0.718395
45.44	0.717509
44.83	0.716628
44.62	0.716742
44.21	0.71794
44.01	0.718539
43.59	0.719733
43.39	0.720329
43.18	0.720932
42.98	0.721527
42.77	0.722127
42.16	0.72392
41.54	0.725713
41.33	0.726313
41.13	0.726912
40.92	0.727508
40.51	0.728702
40.10	0.7299
39.69	0.731095
39.28	0.732294
39.07	0.73289
38.45	0.734688
38.25	0.735283
38.04	0.735886
37.43	0.737676
37.22	0.738274
37.01	0.738874
36.40	0.740668
35.99	0.741866
35.16	0.744259
34.75	0.745454
34.14	0.747247
33.52	0.749042
33.31	0.749641
32.90	0.750835
32.29	0.752634
32.08	0.753229
31.87	0.753829
31.26	0.755622
31.05	0.756222
30.85	0.75682
30.44	0.758015
30.23	0.75861
30.02	0.759213
29.82	0.759808
29.20	0.761602
29.00	0.762202
28.79	0.762801
28.17	0.764595
27.97	0.765195
27.76	0.76579
27.56	0.76639
27.15	0.767588
26.94	0.768181
26.53	0.769376
26.12	0.770575
25.91	0.771175
25.30	0.772968
25.09	0.773568
24.88	0.774163
24.06	0.776556
23.86	0.777156
23.65	0.777754
23.44	0.778537
23.24	0.779391
22.83	0.781092
22.21	0.783648
22.01	0.784498
21.80	0.785349
21.18	0.78791
20.98	0.788759
20.77	0.789609
20.15	0.792168
19.95	0.793021
19.74	0.793871
19.33	0.79558
19.13	0.79643
18.92	0.797283
18.72	0.798132
18.51	0.798982
18.10	0.800691
17.89	0.801541
17.69	0.802394
17.28	0.804103
16.87	0.805803
16.66	0.806655
16.04	0.809214
15.84	0.810064
15.63	0.810907
15.22	0.812617
14.81	0.814326
14.60	0.815169
14.40	0.816028
13.99	0.817728
13.78	0.818587
13.58	0.81943
13.16	0.82114
12.75	0.822839
12.34	0.824542
12.14	0.825401
11.72	0.827101
11.52	0.82795
11.11	0.829653
10.90	0.830512
10.70	0.831362
10.29	0.833065
9.87	0.834771
9.67	0.835624
9.46	0.836474
9.05	0.838176
8.85	0.839033
8.64	0.839885
8.44	0.840735
8.23	0.84117
7.82	0.84117
7.61	0.84117
7.20	0.84117
6.79	0.84117
6.58	0.84117
6.38	0.84117
5.97	0.84117
5.76	0.84117
5.56	0.84117
5.35	0.84117
4.94	0.84117
4.53	0.84117
4.12	0.84117
3.91	0.84117
3.71	0.84117
3.50	0.84117
2.88	0.84117
2.68	0.84117
2.47	0.84117
2.27	0.84117
2.06	0.84117
1.86	0.84117
1.65	0.84117
1.44	0.84117
1.03	0.84117
