206.44	1.041
198.62	1.041
198.42	1.041
198.21	1.041
198.01	1.041
197.60	1.041
197.18	1.041
196.77	1.041
196.36	1.041
195.95	1.041
195.75	1.041
195.33	1.041
194.92	1.041
194.51	1.041
194.10	1.041
193.69	1.041
193.28	1.041
192.87	1.041
192.66	1.041
192.25	1.041
191.84	1.041
191.43	1.041
191.02	1.041
190.60	1.041
190.19	1.041
189.78	1.041
189.58	1.041
189.17	1.041
188.75	1.041
188.34	1.041
187.93	1.041
187.52	1.041
187.11	1.041
186.70	1.041
186.29	1.041
185.88	1.041
185.67	1.041
185.26	1.041
184.85	1.041
184.44	1.041
184.03	1.041
183.61	1.041
183.20	1.041
183.00	1.041
182.79	1.041
182.38	1.041
181.97	1.041
181.56	1.041
181.35	1.041
181.15	1.041
180.94	1.041
180.53	1.041
180.32	1.041
179.91	1.041
179.71	1.041
179.30	1.041
178.68	1.041
178.27	1.041
178.06	1.041
177.65	1.041
177.45	1.041
177.24	1.041
177.03	1.041
176.62	1.041
176.42	1.041
176.01	1.041
175.80	1.041
175.39	1.041
159.35	1.041
159.15	1.041
158.94	1.041
158.53	1.041
158.32	1.041
157.91	1.041
157.71	1.041
157.50	1.041
157.30	1.041
157.09	1.041
156.88	1.041
156.68	1.041
156.47	1.041
156.27	1.041
156.06	1.041
155.86	1.041
155.65	1.041
155.45	1.041
155.24	1.041
155.03	1.041
154.83	1.041
154.62	1.041
154.42	1.041
154.21	1.041
154.01	1.041
153.80	1.041
153.60	1.041
153.39	1.041
153.18	1.041
152.98	1.041
152.77	1.041
152.57	1.041
152.36	1.041
152.16	1.041
151.95	1.041
151.74	1.041
151.54	1.041
151.33	1.041
151.13	1.041
150.92	1.041
150.72	1.041
150.51	1.041
150.31	1.041
150.10	1.041
149.89	1.041
149.69	1.041
149.48	1.041
149.28	1.041
149.07	1.041
148.87	1.041
148.66	1.041
148.45	1.041
148.25	1.041
148.04	1.041
147.63	1.041
147.43	1.041
147.22	1.041
147.02	1.041
146.81	1.041
146.60	1.041
146.40	1.041
145.99	1.041
145.78	1.041
145.58	1.041
145.37	1.041
145.17	1.041
144.96	1.041
144.75	1.041
144.55	1.041
144.34	1.041
144.14	1.041
143.93	1.041
143.73	1.041
143.52	1.041
143.31	1.041
143.11	1.041
142.90	1.041
142.70	1.041
142.49	1.041
142.29	1.041
142.08	1.041
141.88	1.041
141.46	1.041
141.26	1.041
141.05	1.041
140.85	1.041
140.64	1.041
140.44	1.041
140.23	1.041
140.02	1.041
139.82	1.041
139.61	1.041
139.41	1.041
139.20	1.041
139.00	1.041
138.79	1.041
138.59	1.041
138.38	1.041
138.17	1.041
137.97	1.041
137.76	1.041
137.56	1.041
137.35	1.041
137.15	1.041
136.94	1.041
136.74	1.041
136.53	1.041
136.32	1.041
136.12	1.041
135.91	1.041
135.71	1.041
135.50	1.041
135.30	1.041
135.09	1.041
134.88	1.041
134.68	1.041
134.47	1.041
134.27	1.041
134.06	1.041
133.86	1.041
133.65	1.041
133.45	1.041
133.24	1.041
133.03	1.041
132.62	1.041
132.42	1.041
132.21	1.041
132.01	1.041
131.80	1.041
131.60	1.041
131.39	1.041
131.18	1.041
130.98	1.041
130.77	1.041
130.57	1.041
130.36	1.041
130.16	1.041
129.95	1.041
129.74	1.041
129.54	1.041
129.33	1.041
129.13	1.041
128.92	1.041
128.72	1.041
128.51	1.041
128.31	1.041
128.10	1.041
127.89	1.041
127.69	1.041
127.48	1.041
127.28	1.041
127.07	1.041
126.87	1.041
126.66	1.041
126.45	1.041
126.25	1.041
126.04	1.041
125.84	1.041
125.63	1.041
125.43	1.041
125.22	1.041
125.02	1.041
124.81	1.041
124.60	1.041
124.40	1.041
124.19	1.041
123.99	1.041
123.78	1.041
123.58	1.041
123.37	1.041
123.17	1.041
122.96	1.041
122.75	1.041
122.55	1.041
122.34	1.041
122.14	1.041
121.93	1.041
121.73	1.041
121.52	1.041
121.31	1.041
121.11	1.041
120.90	1.041
120.70	1.041
120.49	1.041
120.29	1.041
120.08	1.041
119.88	1.041
119.67	1.041
119.46	1.041
119.26	1.041
119.05	1.041
118.85	1.041
118.64	1.041
118.44	1.041
118.23	1.041
118.02	1.041
117.82	1.041
117.61	1.041
117.41	1.041
117.20	1.041
117.00	1.041
116.79	1.041
116.59	1.041
116.17	1.041
115.97	1.041
115.76	1.041
115.56	1.041
115.35	1.041
115.15	1.041
114.94	1.041
114.74	1.041
114.53	1.041
114.32	1.041
114.12	1.041
113.91	1.041
113.71	1.041
113.50	1.041
113.30	1.041
113.09	1.041
112.88	1.041
112.68	1.041
112.47	1.041
112.27	1.041
112.06	1.041
111.86	1.041
111.65	1.041
111.45	1.041
111.24	1.041
111.03	1.041
110.83	1.041
110.62	1.041
110.42	1.041
110.21	1.041
110.01	1.041
109.80	1.041
109.59	1.041
109.39	1.041
109.18	1.041
108.98	1.041
108.77	1.041
108.57	1.041
108.36	1.041
108.16	1.041
107.95	1.041
107.74	1.041
107.54	1.041
107.33	1.041
107.13	1.041
106.92	1.041
106.72	1.041
106.51	1.041
106.31	1.041
106.10	1.041
105.89	1.041
105.69	1.041
105.48	1.041
105.28	1.041
105.07	1.041
104.87	1.041
104.66	1.041
104.45	1.041
104.25	1.041
104.04	1.041
103.84	1.041
103.63	1.041
103.43	1.041
103.22	1.041
103.02	1.041
102.81	1.041
102.60	1.041
102.40	1.041
102.19	1.041
101.99	1.041
101.78	1.041
101.58	1.041
101.37	1.041
101.16	1.041
100.96	1.041
100.75	1.041
100.55	1.041
100.34	1.041
100.14	1.041
99.93	1.041
99.73	1.041
99.52	1.041
99.31	1.041
99.11	1.041
98.90	1.041
98.70	1.041
98.49	1.041
98.29	1.041
98.08	1.041
97.88	1.041
97.67	1.041
97.46	1.041
97.26	1.041
96.85	1.041
96.64	1.041
96.44	1.041
96.23	1.041
96.02	1.041
95.82	1.041
95.41	1.041
95.20	1.041
95.00	1.041
94.79	1.041
94.59	1.041
94.38	1.041
94.17	1.041
93.97	1.041
93.76	1.041
93.56	1.041
93.35	1.041
93.15	1.041
92.94	1.041
92.73	1.041
92.53	1.041
92.32	1.041
92.12	1.041
91.91	1.041
91.71	1.041
91.50	1.041
91.30	1.041
91.09	1.041
90.88	1.041
90.68	1.041
90.47	1.041
90.27	1.041
89.86	1.041
89.65	1.041
89.45	1.041
89.24	1.041
89.03	1.041
88.83	1.041
88.62	1.041
88.42	1.041
88.21	1.041
88.01	1.041
87.80	1.041
87.59	1.041
87.39	1.041
87.18	1.041
86.98	1.041
86.77	1.041
86.57	1.041
86.36	1.041
86.16	1.041
85.95	1.041
85.74	1.041
85.54	1.041
85.33	1.041
85.13	1.041
84.92	1.041
84.72	1.041
84.51	1.041
84.30	1.041
84.10	1.041
83.69	1.041
83.48	1.041
83.28	1.041
83.07	1.041
82.87	1.041
82.66	1.041
82.45	1.041
82.25	1.041
82.04	1.041
81.84	1.041
81.63	1.041
81.43	1.041
81.22	1.041
81.02	1.041
80.81	1.041
80.40	1.041
80.19	1.041
79.99	1.041
79.78	1.041
79.58	1.041
79.37	1.041
79.16	1.041
78.96	1.041
78.75	1.041
78.55	1.041
78.34	1.041
78.14	1.041
77.93	1.041
77.73	1.041
77.52	1.041
77.31	1.041
77.11	1.041
76.90	1.041
76.70	1.041
76.49	1.041
76.29	1.041
76.08	1.041
75.67	1.041
75.46	1.041
75.26	1.041
75.05	1.041
74.85	1.041
74.64	1.041
74.23	1.041
74.02	1.041
73.61	1.041
73.41	1.041
73.20	1.041
72.79	1.041
72.59	1.041
72.17	1.041
71.97	1.041
71.76	1.041
71.35	1.041
71.15	1.041
70.94	1.041
70.73	1.041
70.53	1.041
70.32	1.041
69.91	1.041
69.71	1.041
69.50	1.041
69.30	1.041
69.09	1.041
68.88	1.041
68.68	1.041
68.27	1.041
68.06	1.041
67.86	1.041
67.65	1.041
67.24	1.041
67.03	1.041
66.83	1.041
66.62	1.041
66.42	1.041
66.21	1.041
63.54	1.04101
63.33	1.04101
61.07	1.04101
60.87	1.04101
60.66	1.04101
60.45	1.041
60.25	1.041
59.63	1.041
59.22	1.041
58.81	1.04099
58.40	1.04099
57.78	1.04099
57.58	1.04099
57.37	1.04098
56.96	1.04099
56.34	1.04099
55.93	1.04099
55.52	1.04098
55.11	1.04098
54.90	1.04098
54.49	1.04098
54.08	1.04097
53.67	1.04097
53.05	1.04096
52.64	1.04096
52.23	1.04096
51.82	1.04095
51.41	1.04095
51.20	1.04095
50.79	1.04094
50.38	1.04094
49.76	1.04095
49.56	1.04094
49.35	1.04094
49.15	1.04094
48.94	1.04094
48.32	1.04093
48.12	1.04094
47.91	1.04094
47.50	1.04096
47.30	1.04097
47.09	1.04098
46.88	1.041
46.47	1.04104
46.27	1.04106
46.06	1.04107
45.44	1.04106
44.83	1.04105
44.62	1.04105
44.21	1.04104
44.01	1.04106
43.59	1.04109
43.39	1.04111
43.18	1.04113
42.98	1.04113
42.77	1.04114
42.16	1.04114
41.54	1.04114
41.33	1.04114
41.13	1.04114
40.92	1.04116
40.51	1.04119
40.10	1.04123
39.69	1.04126
39.28	1.04128
39.07	1.0413
38.45	1.04125
38.25	1.04124
38.04	1.04123
37.43	1.04127
37.22	1.04128
37.01	1.04129
36.40	1.0413
35.99	1.0413
35.16	1.0413
34.75	1.04131
34.14	1.04132
33.52	1.04134
33.31	1.04135
32.90	1.04136
32.29	1.04137
32.08	1.04138
31.87	1.04138
31.26	1.04141
31.05	1.04142
30.85	1.04141
30.44	1.0414
30.23	1.04139
30.02	1.04138
29.82	1.04138
29.20	1.04138
29.00	1.04138
28.79	1.04139
28.17	1.04145
27.97	1.04147
27.76	1.04147
27.56	1.04147
27.15	1.04147
26.94	1.04146
26.53	1.04143
26.12	1.04138
25.91	1.04136
25.30	1.04137
25.09	1.04138
24.88	1.04138
24.06	1.04141
23.86	1.04141
23.65	1.04141
23.44	1.04141
23.24	1.04141
22.83	1.0414
22.21	1.04141
22.01	1.04142
21.80	1.04143
21.18	1.04147
20.98	1.04149
20.77	1.04151
20.15	1.04156
19.95	1.04159
19.74	1.04161
19.33	1.04166
19.13	1.04169
18.92	1.04172
18.72	1.04173
18.51	1.04171
18.10	1.04169
17.89	1.04168
17.69	1.04165
17.28	1.04162
16.87	1.04158
16.66	1.04156
16.04	1.04148
15.84	1.04144
15.63	1.04143
15.22	1.04144
14.81	1.04144
14.60	1.04144
14.40	1.04141
13.99	1.04137
13.78	1.04134
13.58	1.04132
13.16	1.04134
12.75	1.04136
12.34	1.04137
12.14	1.04138
11.72	1.04139
11.52	1.0414
11.11	1.04141
10.90	1.04143
10.70	1.04144
10.29	1.04142
9.87	1.04139
9.67	1.04137
9.46	1.04142
9.05	1.04157
8.85	1.04165
8.64	1.04175
8.44	1.04179
8.23	1.04183
7.82	1.04192
7.61	1.04198
7.20	1.04195
6.79	1.04193
6.58	1.04191
6.38	1.04195
5.97	1.04203
5.76	1.04209
5.56	1.04214
5.35	1.0421
4.94	1.04201
4.53	1.0419
4.12	1.04163
3.91	1.04145
3.71	1.04122
3.50	1.04101
2.88	1.04069
2.68	1.04051
2.47	1.04032
2.27	1.04021
2.06	1.04008
1.86	1.03987
1.65	1.03956
1.44	1.03929
1.03	1.03954
