206.44	0.939161
198.62	0.939161
198.42	0.962463
198.21	0.977737
198.01	0.977914
197.60	0.977734
197.18	0.977914
196.77	0.977737
196.36	0.97792
195.95	0.977734
195.75	0.977917
195.33	0.977734
194.92	0.977914
194.51	0.977737
194.10	0.977917
193.69	0.977737
193.28	0.97792
192.87	0.977734
192.66	0.977917
192.25	0.977734
191.84	0.97792
191.43	0.977734
191.02	0.977917
190.60	0.977734
190.19	0.977914
189.78	0.977737
189.58	0.977914
189.17	0.977737
188.75	0.977917
188.34	0.977734
187.93	0.97792
187.52	0.977734
187.11	0.97792
186.70	0.977734
186.29	0.977914
185.88	0.977737
185.67	0.977917
185.26	0.977731
184.85	0.977917
184.44	0.977734
184.03	0.977917
183.61	0.977731
183.20	0.977915
183.00	0.977723
182.79	0.977823
182.38	0.977817
181.97	0.97772
181.56	0.977817
181.35	0.977723
181.15	0.977829
180.94	0.977717
180.53	0.97782
180.32	0.97772
179.91	0.977823
179.71	0.977717
179.30	0.977817
178.68	0.97772
178.27	0.97782
178.06	0.97772
177.65	0.977823
177.45	0.97772
177.24	0.97782
177.03	0.97772
176.62	0.977823
176.42	0.977717
176.01	0.97782
175.80	0.97772
175.39	0.977817
159.35	0.977785
159.15	0.97722
158.94	0.973654
158.53	0.973777
158.32	0.97857
157.91	0.978641
157.71	0.97904
157.50	0.978141
157.30	0.976924
157.09	0.977094
156.88	0.979888
156.68	0.979672
156.47	0.974931
156.27	0.974381
156.06	0.975545
155.86	0.978199
155.65	0.977203
155.45	0.973145
155.24	0.970596
155.03	0.971079
154.83	0.974267
154.62	0.975999
154.42	0.974496
154.21	0.978027
154.01	0.977445
153.80	0.977745
153.60	0.969822
153.39	0.967496
153.18	0.965766
152.98	0.966657
152.77	0.969722
152.57	0.974599
152.36	0.971051
152.16	0.969288
151.95	0.966335
151.74	0.96698
151.54	0.962844
151.33	0.963735
151.13	0.960412
150.92	0.960476
150.72	0.960054
150.51	0.962105
150.31	0.963909
150.10	0.963533
149.89	0.967985
149.69	0.967863
149.48	0.96825
149.28	0.962157
149.07	0.962493
148.87	0.961975
148.66	0.964821
148.45	0.96615
148.25	0.963027
148.04	0.965186
147.63	0.97409
147.43	0.974319
147.22	0.975725
147.02	0.974974
146.81	0.969747
146.60	0.963488
146.40	0.964393
145.99	0.97046
145.78	0.972086
145.58	0.976928
145.37	0.978286
145.17	0.978294
144.96	0.974039
144.75	0.971622
144.55	0.963169
144.34	0.957471
144.14	0.95581
143.93	0.956012
143.73	0.958619
143.52	0.962918
143.31	0.967657
143.11	0.969777
142.90	0.96639
142.70	0.962572
142.49	0.958238
142.29	0.956346
142.08	0.959805
141.88	0.960047
141.46	0.96657
141.26	0.973805
141.05	0.978206
140.85	0.97771
140.64	0.973051
140.44	0.972197
140.23	0.969275
140.02	0.962726
139.82	0.95613
139.61	0.955909
139.41	0.961549
139.20	0.965255
139.00	0.966139
138.79	0.969874
138.59	0.966762
138.38	0.965534
138.17	0.959682
137.97	0.95896
137.76	0.955996
137.56	0.958129
137.35	0.963798
137.15	0.97113
136.94	0.974588
136.74	0.972066
136.53	0.967869
136.32	0.963274
136.12	0.965453
135.91	0.971231
135.71	0.976728
135.50	0.974067
135.30	0.973989
135.09	0.968412
134.88	0.969229
134.68	0.962492
134.47	0.962084
134.27	0.963601
134.06	0.964582
133.86	0.965111
133.65	0.963456
133.45	0.959566
133.24	0.959797
133.03	0.956696
132.62	0.962337
132.42	0.965378
132.21	0.966215
132.01	0.964382
131.80	0.961131
131.60	0.960714
131.39	0.961528
131.18	0.963979
130.98	0.961768
130.77	0.962424
130.57	0.961641
130.36	0.963481
130.16	0.955715
129.95	0.95457
129.74	0.951346
129.54	0.953811
129.33	0.955405
129.13	0.953446
128.92	0.951034
128.72	0.950949
128.51	0.949529
128.31	0.952928
128.10	0.954416
127.89	0.957063
127.69	0.956828
127.48	0.959975
127.28	0.960451
127.07	0.961917
126.87	0.962242
126.66	0.959371
126.45	0.958714
126.25	0.958796
126.04	0.96197
125.84	0.964234
125.63	0.96822
125.43	0.968363
125.22	0.963059
125.02	0.957171
124.81	0.948946
124.60	0.948869
124.40	0.951475
124.19	0.949674
123.99	0.94721
123.78	0.943726
123.58	0.948963
123.37	0.952211
123.17	0.954615
122.96	0.954868
122.75	0.95112
122.55	0.951478
122.34	0.94809
122.14	0.946967
121.93	0.94502
121.73	0.948792
121.52	0.945311
121.31	0.943801
121.11	0.944841
120.90	0.949067
120.70	0.952641
120.49	0.955606
120.29	0.954392
120.08	0.950743
119.88	0.949435
119.67	0.948642
119.46	0.945625
119.26	0.945309
119.05	0.946935
118.85	0.949041
118.64	0.946933
118.44	0.949732
118.23	0.951482
118.02	0.94961
117.82	0.944871
117.61	0.943044
117.41	0.948537
117.20	0.948299
117.00	0.952033
116.79	0.952881
116.59	0.950147
116.17	0.94676
115.97	0.944082
115.76	0.943989
115.56	0.948404
115.35	0.951194
115.15	0.948952
114.94	0.949751
114.74	0.946866
114.53	0.948413
114.32	0.947417
114.12	0.943383
113.91	0.943375
113.71	0.949859
113.50	0.956808
113.30	0.960742
113.09	0.957329
112.88	0.960017
112.68	0.958642
112.47	0.95665
112.27	0.951815
112.06	0.948389
111.86	0.94952
111.65	0.949738
111.45	0.945214
111.24	0.940538
111.03	0.935324
110.83	0.936383
110.62	0.938271
110.42	0.938768
110.21	0.938509
110.01	0.933887
109.80	0.927934
109.59	0.925789
109.39	0.92789
109.18	0.937862
108.98	0.945136
108.77	0.953567
108.57	0.955236
108.36	0.953524
108.16	0.947984
107.95	0.947174
107.74	0.945039
107.54	0.944592
107.33	0.941613
107.13	0.941158
106.92	0.942021
106.72	0.946338
106.51	0.947611
106.31	0.951012
106.10	0.950548
105.89	0.947092
105.69	0.948829
105.48	0.946274
105.28	0.948145
105.07	0.952179
104.87	0.950849
104.66	0.953654
104.45	0.950623
104.25	0.951219
104.04	0.950933
103.84	0.948553
103.63	0.948457
103.43	0.946682
103.22	0.945673
103.02	0.947517
102.81	0.94804
102.60	0.951641
102.40	0.956581
102.19	0.960765
101.99	0.96303
101.78	0.959005
101.58	0.954601
101.37	0.949355
101.16	0.944659
100.96	0.942387
100.75	0.938554
100.55	0.942009
100.34	0.947025
100.14	0.952509
99.93	0.958746
99.73	0.956684
99.52	0.956342
99.31	0.954406
99.11	0.953278
98.90	0.951311
98.70	0.951427
98.49	0.950156
98.29	0.944666
98.08	0.94302
97.88	0.939651
97.67	0.938008
97.46	0.944603
97.26	0.947724
96.85	0.950525
96.64	0.948537
96.44	0.945117
96.23	0.94875
96.02	0.948719
95.82	0.953091
95.41	0.956861
95.20	0.962801
95.00	0.962278
94.79	0.967092
94.59	0.964258
94.38	0.957849
94.17	0.956351
93.97	0.94908
93.76	0.945734
93.56	0.945162
93.35	0.944026
93.15	0.944203
92.94	0.947448
92.73	0.947011
92.53	0.950339
92.32	0.951679
92.12	0.95329
91.91	0.956174
91.71	0.955511
91.50	0.956381
91.30	0.956052
91.09	0.954041
90.88	0.954309
90.68	0.953977
90.47	0.951937
90.27	0.95229
89.86	0.948826
89.65	0.949393
89.45	0.944635
89.24	0.941212
89.03	0.94114
88.83	0.94153
88.62	0.942977
88.42	0.947201
88.21	0.949018
88.01	0.94936
87.80	0.947576
87.59	0.948568
87.39	0.95036
87.18	0.95364
86.98	0.955858
86.77	0.957545
86.57	0.960453
86.36	0.960352
86.16	0.955813
85.95	0.951557
85.74	0.950099
85.54	0.949576
85.33	0.946088
85.13	0.948198
84.92	0.952453
84.72	0.95516
84.51	0.951524
84.30	0.952175
84.10	0.949807
83.69	0.944357
83.48	0.94405
83.28	0.947033
83.07	0.948458
82.87	0.949511
82.66	0.949645
82.45	0.950525
82.25	0.950487
82.04	0.949651
81.84	0.949043
81.63	0.948241
81.43	0.949542
81.22	0.949852
81.02	0.946329
80.81	0.949768
80.40	0.952401
80.19	0.954647
79.99	0.954172
79.78	0.955579
79.58	0.958766
79.37	0.958344
79.16	0.956877
78.96	0.957679
78.75	0.956746
78.55	0.955436
78.34	0.954561
78.14	0.952366
77.93	0.951168
77.73	0.951306
77.52	0.951698
77.31	0.951286
77.11	0.953055
76.90	0.952349
76.70	0.9527
76.49	0.953706
76.29	0.954139
76.08	0.950915
75.67	0.949447
75.46	0.948065
75.26	0.947356
75.05	0.948313
74.85	0.949579
74.64	0.95031
74.23	0.949194
74.02	0.952922
73.61	0.955361
73.41	0.953417
73.20	0.952908
72.79	0.951396
72.59	0.950844
72.17	0.951428
71.97	0.953086
71.76	0.951875
71.35	0.947996
71.15	0.946281
70.94	0.948886
70.73	0.950006
70.53	0.947767
70.32	0.947312
69.91	0.947369
69.71	0.94533
69.50	0.945164
69.30	0.943153
69.09	0.9429
68.88	0.943751
68.68	0.944117
68.27	0.944302
68.06	0.943523
67.86	0.940431
67.65	0.94037
67.24	0.939881
67.03	0.939407
66.83	0.938017
66.62	0.937649
66.42	0.937147
66.21	0.936528
63.54	0.931737
63.33	0.93137
61.07	0.927319
60.87	0.926945
60.66	0.926577
60.45	0.926215
60.25	0.925847
59.63	0.924737
59.22	0.924006
58.81	0.923266
58.40	0.922534
57.78	0.921424
57.58	0.921054
57.37	0.920687
56.96	0.919951
56.34	0.918847
55.93	0.918111
55.52	0.917375
55.11	0.916638
54.90	0.916264
54.49	0.915528
54.08	0.914796
53.67	0.914056
53.05	0.912956
52.64	0.912215
52.23	0.911483
51.82	0.910741
51.41	0.910007
51.20	0.909638
50.79	0.9089
50.38	0.908166
49.76	0.90706
49.56	0.906692
49.35	0.906326
49.15	0.905957
48.94	0.905588
48.32	0.904483
48.12	0.904115
47.91	0.903745
47.50	0.903005
47.30	0.902643
47.09	0.902275
46.88	0.901907
46.47	0.901164
46.27	0.900802
46.06	0.900434
45.44	0.899324
44.83	0.898219
44.62	0.898362
44.21	0.899864
44.01	0.900614
43.59	0.902112
43.39	0.902858
43.18	0.903614
42.98	0.90436
42.77	0.905112
42.16	0.907359
41.54	0.909607
41.33	0.910359
41.13	0.911109
40.92	0.911857
40.51	0.913353
40.10	0.914855
39.69	0.916352
39.28	0.917856
39.07	0.918602
38.45	0.920856
38.25	0.921602
38.04	0.922357
37.43	0.924601
37.22	0.925351
37.01	0.926103
36.40	0.928351
35.99	0.929853
35.16	0.932852
34.75	0.93435
34.14	0.936598
33.52	0.938847
33.31	0.939597
32.90	0.941095
32.29	0.943349
32.08	0.944095
31.87	0.944847
31.26	0.947095
31.05	0.947846
30.85	0.948596
30.44	0.950094
30.23	0.95084
30.02	0.951596
29.82	0.952342
29.20	0.95459
29.00	0.955342
28.79	0.956093
28.17	0.958341
27.97	0.959093
27.76	0.959839
27.56	0.960591
27.15	0.962093
26.94	0.962837
26.53	0.964334
26.12	0.965836
25.91	0.966588
25.30	0.968836
25.09	0.969588
24.88	0.970334
24.06	0.973333
23.86	0.974085
23.65	0.974835
23.44	0.975816
23.24	0.976887
22.83	0.979019
22.21	0.982223
22.01	0.983288
21.80	0.984355
21.18	0.987564
20.98	0.988629
20.77	0.989694
20.15	0.992902
19.95	0.99397
19.74	0.995036
19.33	0.997178
19.13	0.998243
18.92	0.999312
18.72	1.00038
18.51	1.00144
18.10	1.00358
17.89	1.00465
17.69	1.00572
17.28	1.00786
16.87	1.00999
16.66	1.01106
16.04	1.01427
15.84	1.01533
15.63	1.01639
15.22	1.01853
14.81	1.02067
14.60	1.02173
14.40	1.02281
13.99	1.02494
13.78	1.02602
13.58	1.02707
13.16	1.02921
12.75	1.03134
12.34	1.03348
12.14	1.03456
11.72	1.03669
11.52	1.03775
11.11	1.03988
10.90	1.04096
10.70	1.04203
10.29	1.04416
9.87	1.0463
9.67	1.04737
9.46	1.04843
9.05	1.05057
8.85	1.05164
8.64	1.05271
8.44	1.05378
8.23	1.05432
7.82	1.05432
7.61	1.05432
7.20	1.05432
6.79	1.05432
6.58	1.05432
6.38	1.05432
5.97	1.05432
5.76	1.05432
5.56	1.05432
5.35	1.05432
4.94	1.05432
4.53	1.05432
4.12	1.05432
3.91	1.05432
3.71	1.05432
3.50	1.05432
2.88	1.05432
2.68	1.05432
2.47	1.05432
2.27	1.05432
2.06	1.05432
1.86	1.05432
1.65	1.05432
1.44	1.05432
1.03	1.05432
