206.44	1.0307
198.62	1.0307
198.42	1.0307
198.21	1.0307
198.01	1.0307
197.60	1.0307
197.18	1.0307
196.77	1.0307
196.36	1.0307
195.95	1.0307
195.75	1.0307
195.33	1.0307
194.92	1.0307
194.51	1.0307
194.10	1.0307
193.69	1.0307
193.28	1.0307
192.87	1.0307
192.66	1.0307
192.25	1.0307
191.84	1.0307
191.43	1.0307
191.02	1.0307
190.60	1.0307
190.19	1.0307
189.78	1.0307
189.58	1.0307
189.17	1.0307
188.75	1.0307
188.34	1.0307
187.93	1.0307
187.52	1.0307
187.11	1.0307
186.70	1.0307
186.29	1.0307
185.88	1.0307
185.67	1.0307
185.26	1.0307
184.85	1.0307
184.44	1.0307
184.03	1.0307
183.61	1.0307
183.20	1.0307
183.00	1.0307
182.79	1.0307
182.38	1.0307
181.97	1.0307
181.56	1.0307
181.35	1.0307
181.15	1.0307
180.94	1.0307
180.53	1.0307
180.32	1.0307
179.91	1.0307
179.71	1.0307
179.30	1.0307
178.68	1.0307
178.27	1.0307
178.06	1.0307
177.65	1.0307
177.45	1.0307
177.24	1.0307
177.03	1.0307
176.62	1.0307
176.42	1.0307
176.01	1.0307
175.80	1.0307
175.39	1.0307
159.35	1.0307
159.15	1.0307
158.94	1.0307
158.53	1.0307
158.32	1.0307
157.91	1.0307
157.71	1.0307
157.50	1.0307
157.30	1.0307
157.09	1.0307
156.88	1.0307
156.68	1.0307
156.47	1.0307
156.27	1.0307
156.06	1.0307
155.86	1.0307
155.65	1.0307
155.45	1.0307
155.24	1.0307
155.03	1.0307
154.83	1.0307
154.62	1.0307
154.42	1.0307
154.21	1.0307
154.01	1.0307
153.80	1.0307
153.60	1.0307
153.39	1.0307
153.18	1.0307
152.98	1.0307
152.77	1.0307
152.57	1.0307
152.36	1.0307
152.16	1.0307
151.95	1.0307
151.74	1.0307
151.54	1.0307
151.33	1.0307
151.13	1.0307
150.92	1.0307
150.72	1.0307
150.51	1.0307
150.31	1.0307
150.10	1.0307
149.89	1.0307
149.69	1.0307
149.48	1.0307
149.28	1.0307
149.07	1.0307
148.87	1.0307
148.66	1.0307
148.45	1.0307
148.25	1.0307
148.04	1.0307
147.63	1.0307
147.43	1.0307
147.22	1.0307
147.02	1.0307
146.81	1.0307
146.60	1.0307
146.40	1.0307
145.99	1.0307
145.78	1.0307
145.58	1.0307
145.37	1.0307
145.17	1.0307
144.96	1.0307
144.75	1.0307
144.55	1.0307
144.34	1.0307
144.14	1.0307
143.93	1.0307
143.73	1.0307
143.52	1.0307
143.31	1.0307
143.11	1.0307
142.90	1.0307
142.70	1.0307
142.49	1.0307
142.29	1.0307
142.08	1.0307
141.88	1.0307
141.46	1.0307
141.26	1.0307
141.05	1.0307
140.85	1.0307
140.64	1.0307
140.44	1.0307
140.23	1.0307
140.02	1.0307
139.82	1.0307
139.61	1.0307
139.41	1.0307
139.20	1.0307
139.00	1.0307
138.79	1.0307
138.59	1.0307
138.38	1.0307
138.17	1.0307
137.97	1.0307
137.76	1.0307
137.56	1.0307
137.35	1.0307
137.15	1.0307
136.94	1.0307
136.74	1.0307
136.53	1.0307
136.32	1.0307
136.12	1.0307
135.91	1.0307
135.71	1.0307
135.50	1.0307
135.30	1.0307
135.09	1.0307
134.88	1.0307
134.68	1.0307
134.47	1.0307
134.27	1.0307
134.06	1.0307
133.86	1.0307
133.65	1.0307
133.45	1.0307
133.24	1.0307
133.03	1.0307
132.62	1.0307
132.42	1.0307
132.21	1.0307
132.01	1.0307
131.80	1.0307
131.60	1.0307
131.39	1.0307
131.18	1.0307
130.98	1.0307
130.77	1.0307
130.57	1.0307
130.36	1.0307
130.16	1.0307
129.95	1.0307
129.74	1.0307
129.54	1.0307
129.33	1.0307
129.13	1.0307
128.92	1.0307
128.72	1.0307
128.51	1.0307
128.31	1.0307
128.10	1.0307
127.89	1.0307
127.69	1.0307
127.48	1.0307
127.28	1.0307
127.07	1.0307
126.87	1.0307
126.66	1.0307
126.45	1.0307
126.25	1.0307
126.04	1.0307
125.84	1.0307
125.63	1.0307
125.43	1.0307
125.22	1.0307
125.02	1.0307
124.81	1.0307
124.60	1.0307
124.40	1.0307
124.19	1.0307
123.99	1.0307
123.78	1.0307
123.58	1.0307
123.37	1.0307
123.17	1.0307
122.96	1.0307
122.75	1.0307
122.55	1.0307
122.34	1.0307
122.14	1.0307
121.93	1.0307
121.73	1.0307
121.52	1.0307
121.31	1.0307
121.11	1.0307
120.90	1.0307
120.70	1.0307
120.49	1.0307
120.29	1.0307
120.08	1.0307
119.88	1.0307
119.67	1.0307
119.46	1.0307
119.26	1.0307
119.05	1.0307
118.85	1.0307
118.64	1.0307
118.44	1.0307
118.23	1.0307
118.02	1.0307
117.82	1.0307
117.61	1.0307
117.41	1.0307
117.20	1.0307
117.00	1.0307
116.79	1.0307
116.59	1.0307
116.17	1.0307
115.97	1.0307
115.76	1.0307
115.56	1.0307
115.35	1.0307
115.15	1.0307
114.94	1.0307
114.74	1.0307
114.53	1.0307
114.32	1.0307
114.12	1.0307
113.91	1.0307
113.71	1.0307
113.50	1.0307
113.30	1.0307
113.09	1.0307
112.88	1.0307
112.68	1.0307
112.47	1.0307
112.27	1.0307
112.06	1.0307
111.86	1.0307
111.65	1.0307
111.45	1.0307
111.24	1.0307
111.03	1.0307
110.83	1.0307
110.62	1.0307
110.42	1.0307
110.21	1.0307
110.01	1.0307
109.80	1.0307
109.59	1.0307
109.39	1.0307
109.18	1.0307
108.98	1.0307
108.77	1.0307
108.57	1.0307
108.36	1.0307
108.16	1.0307
107.95	1.0307
107.74	1.0307
107.54	1.0307
107.33	1.0307
107.13	1.0307
106.92	1.0307
106.72	1.0307
106.51	1.0307
106.31	1.0307
106.10	1.0307
105.89	1.0307
105.69	1.0307
105.48	1.0307
105.28	1.0307
105.07	1.0307
104.87	1.0307
104.66	1.0307
104.45	1.0307
104.25	1.0307
104.04	1.0307
103.84	1.0307
103.63	1.0307
103.43	1.0307
103.22	1.0307
103.02	1.0307
102.81	1.0307
102.60	1.0307
102.40	1.0307
102.19	1.0307
101.99	1.0307
101.78	1.0307
101.58	1.0307
101.37	1.0307
101.16	1.0307
100.96	1.0307
100.75	1.0307
100.55	1.0307
100.34	1.0307
100.14	1.0307
99.93	1.0307
99.73	1.0307
99.52	1.0307
99.31	1.0307
99.11	1.0307
98.90	1.0307
98.70	1.0307
98.49	1.0307
98.29	1.0307
98.08	1.0307
97.88	1.0307
97.67	1.0307
97.46	1.0307
97.26	1.0307
96.85	1.0307
96.64	1.0307
96.44	1.0307
96.23	1.0307
96.02	1.0307
95.82	1.0307
95.41	1.0307
95.20	1.0307
95.00	1.0307
94.79	1.0307
94.59	1.0307
94.38	1.0307
94.17	1.0307
93.97	1.0307
93.76	1.0307
93.56	1.0307
93.35	1.0307
93.15	1.0307
92.94	1.0307
92.73	1.0307
92.53	1.0307
92.32	1.0307
92.12	1.0307
91.91	1.0307
91.71	1.0307
91.50	1.0307
91.30	1.0307
91.09	1.0307
90.88	1.0307
90.68	1.0307
90.47	1.0307
90.27	1.0307
89.86	1.0307
89.65	1.0307
89.45	1.0307
89.24	1.0307
89.03	1.0307
88.83	1.0307
88.62	1.0307
88.42	1.0307
88.21	1.0307
88.01	1.0307
87.80	1.0307
87.59	1.0307
87.39	1.0307
87.18	1.0307
86.98	1.0307
86.77	1.0307
86.57	1.0307
86.36	1.0307
86.16	1.0307
85.95	1.0307
85.74	1.0307
85.54	1.0307
85.33	1.0307
85.13	1.0307
84.92	1.0307
84.72	1.0307
84.51	1.0307
84.30	1.0307
84.10	1.0307
83.69	1.0307
83.48	1.0307
83.28	1.0307
83.07	1.0307
82.87	1.0307
82.66	1.0307
82.45	1.0307
82.25	1.0307
82.04	1.0307
81.84	1.0307
81.63	1.0307
81.43	1.0307
81.22	1.0307
81.02	1.0307
80.81	1.0307
80.40	1.0307
80.19	1.0307
79.99	1.0307
79.78	1.0307
79.58	1.0307
79.37	1.0307
79.16	1.0307
78.96	1.0307
78.75	1.0307
78.55	1.0307
78.34	1.0307
78.14	1.0307
77.93	1.0307
77.73	1.0307
77.52	1.0307
77.31	1.0307
77.11	1.0307
76.90	1.0307
76.70	1.0307
76.49	1.0307
76.29	1.0307
76.08	1.0307
75.67	1.0307
75.46	1.0307
75.26	1.0307
75.05	1.0307
74.85	1.0307
74.64	1.0307
74.23	1.0307
74.02	1.0307
73.61	1.0307
73.41	1.0307
73.20	1.0307
72.79	1.0307
72.59	1.0307
72.17	1.0307
71.97	1.0307
71.76	1.0307
71.35	1.0307
71.15	1.0307
70.94	1.0307
70.73	1.0307
70.53	1.0307
70.32	1.0307
69.91	1.0307
69.71	1.0307
69.50	1.0307
69.30	1.0307
69.09	1.0307
68.88	1.0307
68.68	1.0307
68.27	1.0307
68.06	1.0307
67.86	1.0307
67.65	1.0307
67.24	1.0307
67.03	1.0307
66.83	1.0307
66.62	1.0307
66.42	1.0307
66.21	1.0307
63.54	1.03071
63.33	1.03071
61.07	1.03071
60.87	1.03071
60.66	1.03071
60.45	1.03071
60.25	1.03071
59.63	1.0307
59.22	1.0307
58.81	1.0307
58.40	1.03069
57.78	1.03069
57.58	1.03069
57.37	1.03069
56.96	1.0307
56.34	1.03069
55.93	1.03069
55.52	1.03068
55.11	1.03068
54.90	1.03068
54.49	1.03068
54.08	1.03067
53.67	1.03067
53.05	1.03067
52.64	1.03066
52.23	1.03066
51.82	1.03066
51.41	1.03065
51.20	1.03065
50.79	1.03065
50.38	1.03064
49.76	1.03065
49.56	1.03065
49.35	1.03065
49.15	1.03064
48.94	1.03064
48.32	1.03064
48.12	1.03064
47.91	1.03065
47.50	1.03066
47.30	1.03067
47.09	1.03069
46.88	1.03071
46.47	1.03074
46.27	1.03076
46.06	1.03077
45.44	1.03076
44.83	1.03075
44.62	1.03075
44.21	1.03074
44.01	1.03076
43.59	1.0308
43.39	1.03081
43.18	1.03083
42.98	1.03084
42.77	1.03084
42.16	1.03084
41.54	1.03084
41.33	1.03084
41.13	1.03084
40.92	1.03086
40.51	1.03089
40.10	1.03093
39.69	1.03095
39.28	1.03098
39.07	1.031
38.45	1.03095
38.25	1.03094
38.04	1.03093
37.43	1.03096
37.22	1.03098
37.01	1.03099
36.40	1.03099
35.99	1.031
35.16	1.031
34.75	1.03101
34.14	1.03102
33.52	1.03104
33.31	1.03104
32.90	1.03106
32.29	1.03107
32.08	1.03108
31.87	1.03108
31.26	1.03111
31.05	1.03112
30.85	1.03111
30.44	1.0311
30.23	1.03109
30.02	1.03108
29.82	1.03107
29.20	1.03108
29.00	1.03108
28.79	1.03109
28.17	1.03115
27.97	1.03117
27.76	1.03117
27.56	1.03117
27.15	1.03116
26.94	1.03116
26.53	1.03112
26.12	1.03108
25.91	1.03106
25.30	1.03107
25.09	1.03108
24.88	1.03108
24.06	1.0311
23.86	1.03111
23.65	1.03111
23.44	1.03111
23.24	1.03111
22.83	1.0311
22.21	1.03111
22.01	1.03112
21.80	1.03113
21.18	1.03117
20.98	1.03118
20.77	1.0312
20.15	1.03126
19.95	1.03128
19.74	1.03131
19.33	1.03135
19.13	1.03138
18.92	1.03141
18.72	1.03143
18.51	1.0314
18.10	1.03139
17.89	1.03137
17.69	1.03135
17.28	1.03132
16.87	1.03128
16.66	1.03126
16.04	1.03118
15.84	1.03113
15.63	1.03112
15.22	1.03114
14.81	1.03114
14.60	1.03113
14.40	1.03111
13.99	1.03106
13.78	1.03104
13.58	1.03102
13.16	1.03104
12.75	1.03106
12.34	1.03107
12.14	1.03108
11.72	1.03109
11.52	1.0311
11.11	1.03111
10.90	1.03113
10.70	1.03114
10.29	1.03112
9.87	1.03108
9.67	1.03106
9.46	1.03112
9.05	1.03127
8.85	1.03135
8.64	1.03144
8.44	1.03148
8.23	1.03152
7.82	1.03162
7.61	1.03167
7.20	1.03164
6.79	1.03162
6.58	1.03161
6.38	1.03164
5.97	1.03172
5.76	1.03178
5.56	1.03183
5.35	1.03179
4.94	1.03171
4.53	1.03159
4.12	1.03132
3.91	1.03114
3.71	1.03092
3.50	1.03071
2.88	1.03039
2.68	1.03021
2.47	1.03003
2.27	1.02992
2.06	1.02979
1.86	1.02958
1.65	1.02928
1.44	1.02901
1.03	1.02926
