206.44	0.931872
198.62	0.931872
198.42	0.954993
198.21	0.970149
198.01	0.970324
197.60	0.970146
197.18	0.970324
196.77	0.970149
196.36	0.97033
195.95	0.970146
195.75	0.970327
195.33	0.970146
194.92	0.970324
194.51	0.970149
194.10	0.970327
193.69	0.970149
193.28	0.97033
192.87	0.970146
192.66	0.970327
192.25	0.970146
191.84	0.97033
191.43	0.970146
191.02	0.970327
190.60	0.970146
190.19	0.970324
189.78	0.970149
189.58	0.970324
189.17	0.970149
188.75	0.970327
188.34	0.970146
187.93	0.97033
187.52	0.970146
187.11	0.97033
186.70	0.970146
186.29	0.970324
185.88	0.970149
185.67	0.970327
185.26	0.970143
184.85	0.970327
184.44	0.970146
184.03	0.970327
183.61	0.970143
183.20	0.970325
183.00	0.970134
182.79	0.970233
182.38	0.970227
181.97	0.970131
181.56	0.970227
181.35	0.970134
181.15	0.970239
180.94	0.970128
180.53	0.97023
180.32	0.970131
179.91	0.970233
179.71	0.970128
179.30	0.970227
178.68	0.970131
178.27	0.97023
178.06	0.970131
177.65	0.970233
177.45	0.970131
177.24	0.97023
177.03	0.970131
176.62	0.970233
176.42	0.970128
176.01	0.97023
175.80	0.970131
175.39	0.970227
159.35	0.970195
159.15	0.969636
158.94	0.966097
158.53	0.966219
158.32	0.970975
157.91	0.971045
157.71	0.971441
157.50	0.970549
157.30	0.969342
157.09	0.96951
156.88	0.972283
156.68	0.972068
156.47	0.967364
156.27	0.966819
156.06	0.967973
155.86	0.970606
155.65	0.969618
155.45	0.965592
155.24	0.963063
155.03	0.963542
154.83	0.966705
154.62	0.968423
154.42	0.966932
154.21	0.970436
154.01	0.969858
153.80	0.970156
153.60	0.962295
153.39	0.959986
153.18	0.958271
152.98	0.959154
152.77	0.962195
152.57	0.967034
152.36	0.963514
152.16	0.961765
151.95	0.958835
151.74	0.959474
151.54	0.955371
151.33	0.956255
151.13	0.952958
150.92	0.953021
150.72	0.952603
150.51	0.954638
150.31	0.956427
150.10	0.956055
149.89	0.960472
149.69	0.960351
149.48	0.960735
149.28	0.95469
149.07	0.955022
148.87	0.954508
148.66	0.957333
148.45	0.958651
148.25	0.955552
148.04	0.957694
147.63	0.966529
147.43	0.966757
147.22	0.968152
147.02	0.967407
146.81	0.96222
146.60	0.95601
146.40	0.956908
145.99	0.962928
145.78	0.964541
145.58	0.969345
145.37	0.970693
145.17	0.970701
144.96	0.96648
144.75	0.964081
144.55	0.955693
144.34	0.950039
144.14	0.948391
143.93	0.948592
143.73	0.951178
143.52	0.955444
143.31	0.960147
143.11	0.96225
142.90	0.958889
142.70	0.955101
142.49	0.950801
142.29	0.948923
142.08	0.952356
141.88	0.952595
141.46	0.959068
141.26	0.966247
141.05	0.970613
140.85	0.970121
140.64	0.965498
140.44	0.964651
140.23	0.961752
140.02	0.955254
139.82	0.948709
139.61	0.94849
139.41	0.954086
139.20	0.957763
139.00	0.95864
138.79	0.962347
138.59	0.959258
138.38	0.95804
138.17	0.952234
137.97	0.951517
137.76	0.948576
137.56	0.950692
137.35	0.956317
137.15	0.963593
136.94	0.967024
136.74	0.964522
136.53	0.960357
136.32	0.955798
136.12	0.95796
135.91	0.963693
135.71	0.969147
135.50	0.966507
135.30	0.966429
135.09	0.960896
134.88	0.961707
134.68	0.955022
134.47	0.954617
134.27	0.956122
134.06	0.957096
133.86	0.95762
133.65	0.955978
133.45	0.952118
133.24	0.952348
133.03	0.949271
132.62	0.954867
132.42	0.957886
132.21	0.958716
132.01	0.956897
131.80	0.953671
131.60	0.953258
131.39	0.954065
131.18	0.956497
130.98	0.954304
130.77	0.954954
130.57	0.954177
130.36	0.956003
130.16	0.948298
129.95	0.947161
129.74	0.943962
129.54	0.946408
129.33	0.947989
129.13	0.946045
128.92	0.943652
128.72	0.943569
128.51	0.942159
128.31	0.945532
128.10	0.947008
127.89	0.949635
127.69	0.949402
127.48	0.952524
127.28	0.952996
127.07	0.954451
126.87	0.954773
126.66	0.951925
126.45	0.951273
126.25	0.951355
126.04	0.954503
125.84	0.95675
125.63	0.960705
125.43	0.960847
125.22	0.955584
125.02	0.949742
124.81	0.941581
124.60	0.941504
124.40	0.94409
124.19	0.942304
123.99	0.939858
123.78	0.936401
123.58	0.941598
123.37	0.944821
123.17	0.947206
122.96	0.947457
122.75	0.943738
122.55	0.944093
122.34	0.940732
122.14	0.939617
121.93	0.937685
121.73	0.941428
121.52	0.937974
121.31	0.936475
121.11	0.937508
120.90	0.941701
120.70	0.945247
120.49	0.948189
120.29	0.946985
120.08	0.943364
119.88	0.942066
119.67	0.941279
119.46	0.938285
119.26	0.937972
119.05	0.939585
118.85	0.941675
118.64	0.939583
118.44	0.942361
118.23	0.944097
118.02	0.94224
117.82	0.937538
117.61	0.935724
117.41	0.941175
117.20	0.940938
117.00	0.944644
116.79	0.945485
116.59	0.942772
116.17	0.939412
115.97	0.936754
115.76	0.936662
115.56	0.941043
115.35	0.943812
115.15	0.941586
114.94	0.94238
114.74	0.939517
114.53	0.941052
114.32	0.940064
114.12	0.936061
113.91	0.936053
113.71	0.942487
113.50	0.949382
113.30	0.953285
113.09	0.949899
112.88	0.952566
112.68	0.951202
112.47	0.949225
112.27	0.944427
112.06	0.941028
111.86	0.94215
111.65	0.942367
111.45	0.937878
111.24	0.933238
111.03	0.928065
110.83	0.929115
110.62	0.930989
110.42	0.931482
110.21	0.931224
110.01	0.926638
109.80	0.920732
109.59	0.918604
109.39	0.920688
109.18	0.930582
108.98	0.937801
108.77	0.946166
108.57	0.947822
108.36	0.946123
108.16	0.940626
107.95	0.939823
107.74	0.937704
107.54	0.93726
107.33	0.934305
107.13	0.933853
106.92	0.93471
106.72	0.938993
106.51	0.940256
106.31	0.943631
106.10	0.94317
105.89	0.939741
105.69	0.941465
105.48	0.93893
105.28	0.940786
105.07	0.944789
104.87	0.943469
104.66	0.946252
104.45	0.943244
104.25	0.943836
104.04	0.943552
103.84	0.94119
103.63	0.941096
103.43	0.939335
103.22	0.938333
103.02	0.940163
102.81	0.940682
102.60	0.944255
102.40	0.949157
102.19	0.953308
101.99	0.955555
101.78	0.951562
101.58	0.947192
101.37	0.941987
101.16	0.937327
100.96	0.935073
100.75	0.931269
100.55	0.934697
100.34	0.939675
100.14	0.945116
99.93	0.951305
99.73	0.949259
99.52	0.94892
99.31	0.946998
99.11	0.945879
98.90	0.943928
98.70	0.944042
98.49	0.942781
98.29	0.937334
98.08	0.9357
97.88	0.932358
97.67	0.930728
97.46	0.937271
97.26	0.940369
96.85	0.943148
96.64	0.941175
96.44	0.937782
96.23	0.941387
96.02	0.941356
95.82	0.945694
95.41	0.949435
95.20	0.955328
95.00	0.954809
94.79	0.959586
94.59	0.956773
94.38	0.950415
94.17	0.948928
93.97	0.941714
93.76	0.938394
93.56	0.937826
93.35	0.936699
93.15	0.936875
92.94	0.940095
92.73	0.939661
92.53	0.942962
92.32	0.944292
92.12	0.945891
91.91	0.948752
91.71	0.948095
91.50	0.948958
91.30	0.948631
91.09	0.946636
90.88	0.946902
90.68	0.946573
90.47	0.944549
90.27	0.944899
89.86	0.941462
89.65	0.942024
89.45	0.937303
89.24	0.933907
89.03	0.933835
88.83	0.934222
88.62	0.935659
88.42	0.93985
88.21	0.941652
88.01	0.941991
87.80	0.940221
87.59	0.941205
87.39	0.942984
87.18	0.946239
86.98	0.948439
86.77	0.950113
86.57	0.952999
86.36	0.952898
86.16	0.948394
85.95	0.944172
85.74	0.942725
85.54	0.942206
85.33	0.938744
85.13	0.940838
84.92	0.945061
84.72	0.947747
84.51	0.944139
84.30	0.944785
84.10	0.942435
83.69	0.937028
83.48	0.936723
83.28	0.939683
83.07	0.941096
82.87	0.942142
82.66	0.942275
82.45	0.943148
82.25	0.943109
82.04	0.942281
81.84	0.941677
81.63	0.940881
81.43	0.942172
81.22	0.942479
81.02	0.938984
80.81	0.942397
80.40	0.945009
80.19	0.947237
79.99	0.946766
79.78	0.948162
79.58	0.951325
79.37	0.950906
79.16	0.94945
78.96	0.950246
78.75	0.94932
78.55	0.94802
78.34	0.947152
78.14	0.944974
77.93	0.943786
77.73	0.943922
77.52	0.944311
77.31	0.943903
77.11	0.945658
76.90	0.944958
76.70	0.945305
76.49	0.946304
76.29	0.946734
76.08	0.943534
75.67	0.942078
75.46	0.940707
75.26	0.940003
75.05	0.940952
74.85	0.942208
74.64	0.942934
74.23	0.941827
74.02	0.945526
73.61	0.947946
73.41	0.946017
73.20	0.945512
72.79	0.944012
72.59	0.943464
72.17	0.944044
71.97	0.945689
71.76	0.944487
71.35	0.940638
71.15	0.938937
70.94	0.941521
70.73	0.942633
70.53	0.940411
70.32	0.939959
69.91	0.940016
69.71	0.937992
69.50	0.937828
69.30	0.935833
69.09	0.935581
68.88	0.936426
68.68	0.936789
68.27	0.936973
68.06	0.9362
67.86	0.933131
67.65	0.933071
67.24	0.932586
67.03	0.932115
66.83	0.930736
66.62	0.930371
66.42	0.929874
66.21	0.929259
63.54	0.924505
63.33	0.924141
61.07	0.920122
60.87	0.919751
60.66	0.919385
60.45	0.919026
60.25	0.918661
59.63	0.917559
59.22	0.916835
58.81	0.9161
58.40	0.915374
57.78	0.914272
57.58	0.913905
57.37	0.913542
56.96	0.912811
56.34	0.911715
55.93	0.910985
55.52	0.910254
55.11	0.909524
54.90	0.909153
54.49	0.908422
54.08	0.907696
53.67	0.906961
53.05	0.90587
52.64	0.905135
52.23	0.904409
51.82	0.903672
51.41	0.902944
51.20	0.902578
50.79	0.901846
50.38	0.901117
49.76	0.90002
49.56	0.899655
49.35	0.899291
49.15	0.898926
48.94	0.898559
48.32	0.897463
48.12	0.897098
47.91	0.896731
47.50	0.895996
47.30	0.895637
47.09	0.895272
46.88	0.894906
46.47	0.89417
46.27	0.893811
46.06	0.893445
45.44	0.892344
44.83	0.891248
44.62	0.89139
44.21	0.89288
44.01	0.893624
43.59	0.89511
43.39	0.89585
43.18	0.8966
42.98	0.897341
42.77	0.898087
42.16	0.900317
41.54	0.902547
41.33	0.903293
41.13	0.904037
40.92	0.904779
40.51	0.906264
40.10	0.907754
39.69	0.90924
39.28	0.910732
39.07	0.911472
38.45	0.913708
38.25	0.914449
38.04	0.915199
37.43	0.917425
37.22	0.918169
37.01	0.918915
36.40	0.921145
35.99	0.922636
35.16	0.925612
34.75	0.927098
34.14	0.929328
33.52	0.931561
33.31	0.932305
32.90	0.933791
32.29	0.936027
32.08	0.936767
31.87	0.937513
31.26	0.939744
31.05	0.94049
30.85	0.941234
30.44	0.94272
30.23	0.94346
30.02	0.94421
29.82	0.94495
29.20	0.947181
29.00	0.947927
28.79	0.948673
28.17	0.950903
27.97	0.951649
27.76	0.952389
27.56	0.953135
27.15	0.954625
26.94	0.955364
26.53	0.95685
26.12	0.95834
25.91	0.959086
25.30	0.961316
25.09	0.962062
24.88	0.962802
24.06	0.965779
23.86	0.966525
23.65	0.967269
23.44	0.968242
23.24	0.969305
22.83	0.971421
22.21	0.974599
22.01	0.975656
21.80	0.976715
21.18	0.979899
20.98	0.980956
20.77	0.982013
20.15	0.985195
19.95	0.986256
19.74	0.987313
19.33	0.989438
19.13	0.990495
18.92	0.991556
18.72	0.992613
18.51	0.993669
18.10	0.995795
17.89	0.996852
17.69	0.997913
17.28	1.00004
16.87	1.00215
16.66	1.00321
16.04	1.00639
15.84	1.00745
15.63	1.0085
15.22	1.01063
14.81	1.01275
14.60	1.0138
14.40	1.01487
13.99	1.01698
13.78	1.01805
13.58	1.0191
13.16	1.02123
12.75	1.02334
12.34	1.02546
12.14	1.02653
11.72	1.02864
11.52	1.0297
11.11	1.03181
10.90	1.03288
10.70	1.03394
10.29	1.03606
9.87	1.03818
9.67	1.03924
9.46	1.0403
9.05	1.04241
8.85	1.04348
8.64	1.04454
8.44	1.0456
8.23	1.04614
7.82	1.04614
7.61	1.04614
7.20	1.04614
6.79	1.04614
6.58	1.04614
6.38	1.04614
5.97	1.04614
5.76	1.04614
5.56	1.04614
5.35	1.04614
4.94	1.04614
4.53	1.04614
4.12	1.04614
3.91	1.04614
3.71	1.04614
3.50	1.04614
2.88	1.04614
2.68	1.04614
2.47	1.04614
2.27	1.04614
2.06	1.04614
1.86	1.04614
1.65	1.04614
1.44	1.04614
1.03	1.04614
