206.44	0.917293
198.62	0.917293
198.42	0.940053
198.21	0.954971
198.01	0.955144
197.60	0.954968
197.18	0.955144
196.77	0.954971
196.36	0.95515
195.95	0.954968
195.75	0.955147
195.33	0.954968
194.92	0.955144
194.51	0.954971
194.10	0.955147
193.69	0.954971
193.28	0.95515
192.87	0.954968
192.66	0.955147
192.25	0.954968
191.84	0.95515
191.43	0.954968
191.02	0.955147
190.60	0.954968
190.19	0.955144
189.78	0.954971
189.58	0.955144
189.17	0.954971
188.75	0.955147
188.34	0.954968
187.93	0.95515
187.52	0.954968
187.11	0.95515
186.70	0.954968
186.29	0.955144
185.88	0.954971
185.67	0.955147
185.26	0.954966
184.85	0.955147
184.44	0.954968
184.03	0.955147
183.61	0.954966
183.20	0.955144
183.00	0.954957
182.79	0.955055
182.38	0.955049
181.97	0.954954
181.56	0.955049
181.35	0.954957
181.15	0.95506
180.94	0.954951
180.53	0.955052
180.32	0.954954
179.91	0.955055
179.71	0.954951
179.30	0.955049
178.68	0.954954
178.27	0.955052
178.06	0.954954
177.65	0.955055
177.45	0.954954
177.24	0.955052
177.03	0.954954
176.62	0.955055
176.42	0.954951
176.01	0.955052
175.80	0.954954
175.39	0.955049
159.35	0.955017
159.15	0.954466
158.94	0.950983
158.53	0.951103
158.32	0.955785
157.91	0.955854
157.71	0.956243
157.50	0.955365
157.30	0.954177
157.09	0.954343
156.88	0.957072
156.68	0.956861
156.47	0.95223
156.27	0.951693
156.06	0.95283
155.86	0.955422
155.65	0.954449
155.45	0.950486
155.24	0.947996
155.03	0.948468
154.83	0.951581
154.62	0.953273
154.42	0.951805
154.21	0.955254
154.01	0.954685
153.80	0.954979
153.60	0.94724
153.39	0.944968
153.18	0.943279
152.98	0.944148
152.77	0.947142
152.57	0.951906
152.36	0.94844
152.16	0.946718
151.95	0.943835
151.74	0.944464
151.54	0.940425
151.33	0.941294
151.13	0.938049
150.92	0.938112
150.72	0.9377
150.51	0.939703
150.31	0.941465
150.10	0.941098
149.89	0.945446
149.69	0.945327
149.48	0.945705
149.28	0.939754
149.07	0.940082
148.87	0.939576
148.66	0.942356
148.45	0.943654
148.25	0.940603
148.04	0.942712
147.63	0.951408
147.43	0.951632
147.22	0.953005
147.02	0.952272
146.81	0.947167
146.60	0.941054
146.40	0.941937
145.99	0.947864
145.78	0.949452
145.58	0.954181
145.37	0.955507
145.17	0.955515
144.96	0.95136
144.75	0.948998
144.55	0.940742
144.34	0.935176
144.14	0.933554
143.93	0.933752
143.73	0.936298
143.52	0.940497
143.31	0.945126
143.11	0.947196
142.90	0.943888
142.70	0.940159
142.49	0.935926
142.29	0.934078
142.08	0.937457
141.88	0.937693
141.46	0.944064
141.26	0.951131
141.05	0.955429
140.85	0.954944
140.64	0.950394
140.44	0.94956
140.23	0.946706
140.02	0.94031
139.82	0.933867
139.61	0.933651
139.41	0.93916
139.20	0.94278
139.00	0.943643
138.79	0.947291
138.59	0.944251
138.38	0.943052
138.17	0.937337
137.97	0.936632
137.76	0.933736
137.56	0.935819
137.35	0.941356
137.15	0.948518
136.94	0.951895
136.74	0.949432
136.53	0.945333
136.32	0.940845
136.12	0.942973
135.91	0.948617
135.71	0.953985
135.50	0.951386
135.30	0.95131
135.09	0.945863
134.88	0.946661
134.68	0.940081
134.47	0.939682
134.27	0.941164
134.06	0.942123
133.86	0.942639
133.65	0.941023
133.45	0.937223
133.24	0.937449
133.03	0.93442
132.62	0.939929
132.42	0.9429
132.21	0.943717
132.01	0.941927
131.80	0.938751
131.60	0.938344
131.39	0.939139
131.18	0.941533
130.98	0.939374
130.77	0.940015
130.57	0.93925
130.36	0.941047
130.16	0.933462
129.95	0.932344
129.74	0.929194
129.54	0.931602
129.33	0.933158
129.13	0.931245
128.92	0.928889
128.72	0.928807
128.51	0.927419
128.31	0.93074
128.10	0.932193
127.89	0.934778
127.69	0.934549
127.48	0.937623
127.28	0.938087
127.07	0.939519
126.87	0.939837
126.66	0.937032
126.45	0.936391
126.25	0.936471
126.04	0.939571
125.84	0.941782
125.63	0.945675
125.43	0.945815
125.22	0.940635
125.02	0.934884
124.81	0.926851
124.60	0.926775
124.40	0.929321
124.19	0.927562
123.99	0.925155
123.78	0.921751
123.58	0.926867
123.37	0.93004
123.17	0.932388
122.96	0.932635
122.75	0.928973
122.55	0.929323
122.34	0.926014
122.14	0.924917
121.93	0.923015
121.73	0.9267
121.52	0.9233
121.31	0.921825
121.11	0.922841
120.90	0.926968
120.70	0.930459
120.49	0.933356
120.29	0.93217
120.08	0.928605
119.88	0.927328
119.67	0.926553
119.46	0.923606
119.26	0.923298
119.05	0.924886
118.85	0.926943
118.64	0.924884
118.44	0.927618
118.23	0.929327
118.02	0.927499
117.82	0.92287
117.61	0.921085
117.41	0.926451
117.20	0.926218
117.00	0.929866
116.79	0.930694
116.59	0.928023
116.17	0.924715
115.97	0.922099
115.76	0.922008
115.56	0.926321
115.35	0.929046
115.15	0.926856
114.94	0.927637
114.74	0.924819
114.53	0.92633
114.32	0.925357
114.12	0.921417
113.91	0.921409
113.71	0.927742
113.50	0.93453
113.30	0.938371
113.09	0.935038
112.88	0.937664
112.68	0.936321
112.47	0.934375
112.27	0.929652
112.06	0.926306
111.86	0.927411
111.65	0.927624
111.45	0.923205
111.24	0.918638
111.03	0.913546
110.83	0.91458
110.62	0.916424
110.42	0.916909
110.21	0.916656
110.01	0.912142
109.80	0.906328
109.59	0.904233
109.39	0.906284
109.18	0.916024
108.98	0.923129
108.77	0.931364
108.57	0.932994
108.36	0.931322
108.16	0.92591
107.95	0.92512
107.74	0.923034
107.54	0.922597
107.33	0.919688
107.13	0.919244
106.92	0.920087
106.72	0.924303
106.51	0.925546
106.31	0.928868
106.10	0.928415
105.89	0.92504
105.69	0.926736
105.48	0.924241
105.28	0.926068
105.07	0.930008
104.87	0.928709
104.66	0.931449
104.45	0.928488
104.25	0.929071
104.04	0.928791
103.84	0.926466
103.63	0.926373
103.43	0.924639
103.22	0.923654
103.02	0.925454
102.81	0.925966
102.60	0.929483
102.40	0.934308
102.19	0.938394
101.99	0.940606
101.78	0.936675
101.58	0.932374
101.37	0.92725
101.16	0.922663
100.96	0.920444
100.75	0.9167
100.55	0.920075
100.34	0.924974
100.14	0.930331
99.93	0.936422
99.73	0.934408
99.52	0.934074
99.31	0.932183
99.11	0.931081
98.90	0.929161
98.70	0.929273
98.49	0.928032
98.29	0.92267
98.08	0.921062
97.88	0.917772
97.67	0.916167
97.46	0.922608
97.26	0.925657
96.85	0.928393
96.64	0.926451
96.44	0.923111
96.23	0.926659
96.02	0.926629
95.82	0.930899
95.41	0.934581
95.20	0.940383
95.00	0.939872
94.79	0.944574
94.59	0.941805
94.38	0.935546
94.17	0.934082
93.97	0.926981
93.76	0.923713
93.56	0.923154
93.35	0.922045
93.15	0.922218
92.94	0.925387
92.73	0.92496
92.53	0.92821
92.32	0.92952
92.12	0.931093
91.91	0.93391
91.71	0.933263
91.50	0.934112
91.30	0.933791
91.09	0.931827
90.88	0.932089
90.68	0.931765
90.47	0.929772
90.27	0.930117
89.86	0.926733
89.65	0.927287
89.45	0.92264
89.24	0.919297
89.03	0.919226
88.83	0.919607
88.62	0.921021
88.42	0.925146
88.21	0.926921
88.01	0.927254
87.80	0.925512
87.59	0.926481
87.39	0.928232
87.18	0.931435
86.98	0.933601
86.77	0.935249
86.57	0.93809
86.36	0.93799
86.16	0.933557
85.95	0.929401
85.74	0.927976
85.54	0.927466
85.33	0.924058
85.13	0.92612
84.92	0.930276
84.72	0.93292
84.51	0.929369
84.30	0.930004
84.10	0.927691
83.69	0.922368
83.48	0.922068
83.28	0.924982
83.07	0.926373
82.87	0.927402
82.66	0.927533
82.45	0.928393
82.25	0.928355
82.04	0.927539
81.84	0.926945
81.63	0.926161
81.43	0.927432
81.22	0.927735
81.02	0.924294
80.81	0.927654
80.40	0.930224
80.19	0.932418
79.99	0.931954
79.78	0.933328
79.58	0.936442
79.37	0.936029
79.16	0.934596
78.96	0.93538
78.75	0.934469
78.55	0.933189
78.34	0.932334
78.14	0.930191
77.93	0.929021
77.73	0.929155
77.52	0.929538
77.31	0.929136
77.11	0.930864
76.90	0.930174
76.70	0.930517
76.49	0.931499
76.29	0.931923
76.08	0.928773
75.67	0.92734
75.46	0.92599
75.26	0.925297
75.05	0.926232
74.85	0.927468
74.64	0.928182
74.23	0.927092
74.02	0.930733
73.61	0.933116
73.41	0.931217
73.20	0.93072
72.79	0.929244
72.59	0.928704
72.17	0.929275
71.97	0.930894
71.76	0.929711
71.35	0.925922
71.15	0.924248
70.94	0.926792
70.73	0.927886
70.53	0.925699
70.32	0.925254
69.91	0.92531
69.71	0.923318
69.50	0.923156
69.30	0.921192
69.09	0.920945
68.88	0.921776
68.68	0.922134
68.27	0.922315
68.06	0.921554
67.86	0.918533
67.65	0.918474
67.24	0.917996
67.03	0.917533
66.83	0.916176
66.62	0.915816
66.42	0.915326
66.21	0.914721
63.54	0.910042
63.33	0.909684
61.07	0.905727
60.87	0.905362
60.66	0.905002
60.45	0.904649
60.25	0.904289
59.63	0.903205
59.22	0.902491
58.81	0.901768
58.40	0.901053
57.78	0.899969
57.58	0.899607
57.37	0.89925
56.96	0.898531
56.34	0.897452
55.93	0.896733
55.52	0.896014
55.11	0.895295
54.90	0.89493
54.49	0.894211
54.08	0.893496
53.67	0.892772
53.05	0.891698
52.64	0.890975
52.23	0.89026
51.82	0.889535
51.41	0.888818
51.20	0.888458
50.79	0.887737
50.38	0.88702
49.76	0.885939
49.56	0.88558
49.35	0.885222
49.15	0.884863
48.94	0.884501
48.32	0.883423
48.12	0.883063
47.91	0.882702
47.50	0.881979
47.30	0.881625
47.09	0.881266
46.88	0.880906
46.47	0.880181
46.27	0.879828
46.06	0.879468
45.44	0.878384
44.83	0.877305
44.62	0.877444
44.21	0.878911
44.01	0.879644
43.59	0.881107
43.39	0.881835
43.18	0.882574
42.98	0.883302
42.77	0.884037
42.16	0.886232
41.54	0.888427
41.33	0.889162
41.13	0.889894
40.92	0.890625
40.51	0.892086
40.10	0.893553
39.69	0.895015
39.28	0.896484
39.07	0.897213
38.45	0.899414
38.25	0.900143
38.04	0.900881
37.43	0.903072
37.22	0.903805
37.01	0.904539
36.40	0.906735
35.99	0.908202
35.16	0.911131
34.75	0.912594
34.14	0.91479
33.52	0.916987
33.31	0.917719
32.90	0.919182
32.29	0.921384
32.08	0.922112
31.87	0.922846
31.26	0.925042
31.05	0.925776
30.85	0.926509
30.44	0.927972
30.23	0.9287
30.02	0.929439
29.82	0.930167
29.20	0.932362
29.00	0.933097
28.79	0.933831
28.17	0.936027
27.97	0.936761
27.76	0.93749
27.56	0.938224
27.15	0.939691
26.94	0.940417
26.53	0.94188
26.12	0.943347
25.91	0.944082
25.30	0.946277
25.09	0.947011
24.88	0.94774
24.06	0.95067
23.86	0.951404
23.65	0.952137
23.44	0.953095
23.24	0.954141
22.83	0.956223
22.21	0.959352
22.01	0.960392
21.80	0.961434
21.18	0.964569
20.98	0.965609
20.77	0.96665
20.15	0.969782
19.95	0.970826
19.74	0.971867
19.33	0.973959
19.13	0.974999
18.92	0.976043
18.72	0.977084
18.51	0.978124
18.10	0.980217
17.89	0.981257
17.69	0.982301
17.28	0.984393
16.87	0.986474
16.66	0.987518
16.04	0.99065
15.84	0.991691
15.63	0.992723
15.22	0.994815
14.81	0.996908
14.60	0.99794
14.40	0.998992
13.99	1.00107
13.78	1.00212
13.58	1.00316
13.16	1.00525
12.75	1.00733
12.34	1.00941
12.14	1.01047
11.72	1.01255
11.52	1.01359
11.11	1.01567
10.90	1.01672
10.70	1.01776
10.29	1.01985
9.87	1.02194
9.67	1.02298
9.46	1.02402
9.05	1.02611
8.85	1.02715
8.64	1.0282
8.44	1.02924
8.23	1.02977
7.82	1.02977
7.61	1.02977
7.20	1.02977
6.79	1.02977
6.58	1.02977
6.38	1.02977
5.97	1.02977
5.76	1.02977
5.56	1.02977
5.35	1.02977
4.94	1.02977
4.53	1.02977
4.12	1.02977
3.91	1.02977
3.71	1.02977
3.50	1.02977
2.88	1.02977
2.68	1.02977
2.47	1.02977
2.27	1.02977
2.06	1.02977
1.86	1.02977
1.65	1.02977
1.44	1.02977
1.03	1.02977
